Params/IM.asc
ncols         653
nrows         607
xllcorner     103.7045833
yllcorner     22.118750033333
cellsize      0.00083333333333334
NODATA_value  -9999
[rows 208 to 233 of 607, columns 354 to 412 of 653]
0.5754328 0.5755417 0.5773764 0.5810606 0.5861508 0.594963 0.5995438 0.5993864 0.5949244 0.599973 0.5872603 0.5731287 0.55803 0.5427826 0.5282737 0.5154497 0.5045814 0.4850167 0.481361 0.4802002 0.4708828 0.4513597 0.4529031 0.4563058 0.4619297 0.469729 0.4787611 0.492188 0.4807131 0.4762862 0.4585953 0.415402 0.3851501 0.3526528 0.3205955 0.2911051 0.2657689 0.2454493 0.2276225 0.209065 0.1998283 0.1903398 0.1663354 0.1533119 0.1388047 0.123208 0.1072813 0.09208792 0.07613674 0.05022496 0.04509318 0.04237972 0.04133987 0.02595717 0.02556311 0.0247162 0.02326203 0.02128563 0.01905043
0.5845569 0.5861986 0.5914411 0.6004235 0.6124139 0.6288424 0.6392797 0.6428486 0.6473668 0.6345366 0.617492 0.5961586 0.5755799 0.5557783 0.5374581 0.5207131 0.5082794 0.5000736 0.4865637 0.4791552 0.4818357 0.4668261 0.4725286 0.4819935 0.4961627 0.5153125 0.5433127 0.5644298 0.577338 0.5630822 0.5386751 0.5029051 0.4399991 0.3949095 0.353455 0.3178246 0.2891997 0.2653862 0.2512139 0.2352946 0.2266518 0.2157459 0.2021086 0.1724438 0.153383 0.1332322 0.1128152 0.0932468 0.07361421 0.06070003 0.04090767 0.0387243 0.03914424 0.04047067 0.02602012 0.02552603 0.02401246 0.02163742 0.0187703
0.5803396 0.5958439 0.6042544 0.6350079 0.6524145 0.6625961 0.6800086 0.6935687 0.6865553 0.6684549 0.6441439 0.6182196 0.5914167 0.5662733 0.5393347 0.5188636 0.504021 0.4926815 0.4776142 0.4799226 0.4864776 0.4960344 0.5085174 0.5045146 0.5274062 0.5685902 0.6042466 0.636361 0.6606543 0.6509948 0.6213685 0.571135 0.5124759 0.434816 0.382419 0.3390059 0.3106425 0.279048 0.2644964 0.2560966 0.2453545 0.2355431 0.2211126 0.2006838 0.1664367 0.1414333 0.1165192 0.0907461 0.06498639 0.04776574 0.03853022 0.02959285 0.03318927 0.03774933 0.04074584 0.02608483 0.02454902 0.02004421 0.01633834
0.5880913 0.5902121 0.6303071 0.6484161 0.6720387 0.6980726 0.7163802 0.7292603 0.7208389 0.6975539 0.6671957 0.6355336 0.6049111 0.5713691 0.5427858 0.5160705 0.4930052 0.4780105 0.4712236 0.4737325 0.4854177 0.5006869 0.5190188 0.5523054 0.5635217 0.6032575 0.6516044 0.7011971 0.733938 0.7365341 0.695602 0.6308727 0.5572891 0.4870024 0.4306202 0.359815 0.3189741 0.2893475 0.2681336 0.2607335 0.2572697 0.2486539 0.2345609 0.2144672 0.1890258 0.1601266 0.1175274 0.08514905 0.05485463 0.03035088 0.01933522 0.01700603 0.02511837 0.03411043 0.04013779 0.04185394 0.02378405 0.0201372 0.01516185
0.6044086 0.6089224 0.6232852 0.6466691 0.6848568 0.7153155 0.7395813 0.7517495 0.7422106 0.716363 0.6829351 0.6455621 0.6117231 0.5791428 0.5468554 0.5141861 0.4848256 0.464393 0.4582442 0.4685335 0.4832734 0.5041816 0.5361913 0.5643008 0.5981786 0.6406995 0.682358 0.7411339 0.7823671 0.7862292 0.7455283 0.6698828 0.5875759 0.5145495 0.44622 0.3873138 0.3247492 0.2902 0.2678654 0.259001 0.2584622 0.2562439 0.2443571 0.2259991 0.1994335 0.166782 0.1293215 0.08205058 0.04554545 0.01779272 0.00356318 0.007385819 0.01892841 0.03205423 0.03965832 0.04228522 0.03958626 0.03264943 0.01462345
0.6032796 0.608792 0.6245975 0.6493194 0.6739662 0.714713 0.7423035 0.7537484 0.7448291 0.7205177 0.687336 0.6532174 0.6200842 0.5872937 0.5537649 0.5209619 0.4877068 0.4636755 0.4571357 0.468873 0.4964814 0.5271778 0.5446565 0.573872 0.6078639 0.6496148 0.7010233 0.7472636 0.7871791 0.791607 0.7518868 0.6860688 0.6014502 0.5253593 0.4572713 0.3975226 0.3458093 0.3021609 0.269739 0.2591109 0.2587442 0.2594539 0.2539705 0.2343457 0.2085813 0.175431 0.1363906 0.09731653 0.05370891 0.01724516 0.002137002 0.00660157 0.02256404 0.03890431 0.0431522 0.0459941 0.0429087 0.03517521 0.02916531
0.5906146 0.597647 0.6218058 0.6358243 0.6666332 0.6985332 0.7234311 0.7365177 0.7315928 0.7108575 0.6846508 0.6567415 0.6277359 0.5979701 0.569313 0.5366566 0.5055757 0.4830725 0.476472 0.4879482 0.5126845 0.5412066 0.5697206 0.5823324 0.6153418 0.6499808 0.6900921 0.730535 0.7553487 0.7577606 0.7239584 0.6677579 0.6025392 0.5380699 0.4652415 0.407301 0.3586815 0.3178774 0.2879843 0.269283 0.2671005 0.2657655 0.2610611 0.247458 0.2245397 0.1874096 0.1552993 0.1135233 0.07222184 0.03739805 0.02104471 0.02464701 0.03432688 0.0488294 0.05845641 0.05216951 0.04835776 0.04742076 0.03528924
0.5784706 0.5764862 0.5946291 0.6269583 0.6535746 0.6776312 0.697167 0.7120814 0.7129915 0.7000847 0.6791888 0.6580724 0.6387396 0.6153222 0.5888612 0.5618967 0.5363857 0.5180273 0.512888 0.5207793 0.5389145 0.5623779 0.5848131 0.6105356 0.6332167 0.6418724 0.6699857 0.6953738 0.7137256 0.7023361 0.6781672 0.6363868 0.5861651 0.5345815 0.4815856 0.421615 0.3794611 0.3433188 0.3125524 0.2968196 0.2856757 0.283918 0.2730536 0.2596802 0.2444384 0.216022 0.1757326 0.1389551 0.09921355 0.0721654 0.05533895 0.05174373 0.06088441 0.06531321 0.07101307 0.07995098 0.07510922 0.05618596 0.04508956
0.5490666 0.5628388 0.5829776 0.6072316 0.6380562 0.6590273 0.6743646 0.6897381 0.6991765 0.6916336 0.6799653 0.6646188 0.6484011 0.6310428 0.6127248 0.5926589 0.5743945 0.5613443 0.5560901 0.5615187 0.572457 0.5917104 0.6061313 0.620214 0.6345735 0.6498487 0.6467882 0.6623945 0.6715663 0.6623119 0.6341307 0.6049873 0.5660364 0.5268072 0.488059 0.4512027 0.4170989 0.3691417 0.3469207 0.3314295 0.31442 0.3083363 0.300284 0.2837828 0.2630734 0.2368355 0.2068586 0.1755413 0.1350447 0.1130437 0.09404357 0.08719297 0.09014334 0.09442782 0.09616808 0.09376091 0.08730034 0.0777335 0.05203274
0.5271376 0.5467996 0.5706736 0.5965649 0.6216778 0.6482849 0.6736977 0.6803628 0.681012 0.691416 0.6827743 0.6724325 0.6609502 0.649147 0.6375184 0.6265033 0.6150808 0.60609 0.6027678 0.6051984 0.6088246 0.6196648 0.6252801 0.6309927 0.637095 0.6437778 0.6506217 0.6370399 0.6304893 0.6268341 0.6009636 0.58112 0.5524585 0.5242267 0.4957528 0.4685924 0.4437651 0.4023757 0.3857426 0.3724638 0.3623757 0.341304 0.3259002 0.3081456 0.2859867 0.2605311 0.2336008 0.2072671 0.1710659 0.153343 0.1346038 0.1291214 0.1214139 0.1193992 0.115627 0.1093984 0.100796 0.09061959 0.08005398
0.5023978 0.5295168 0.5594375 0.590036 0.6187349 0.6430224 0.6771254 0.6855286 0.6875769 0.700084 0.6931723 0.6846778 0.676203 0.6689206 0.6634252 0.6597536 0.6575424 0.6525486 0.6502765 0.6480734 0.6520738 0.6485233 0.6452672 0.6426565 0.6409371 0.640078 0.6396883 0.6093773 0.6079851 0.6036076 0.5955492 0.5631002 0.545047 0.5250549 0.5049629 0.4864272 0.4705092 0.4574322 0.4275089 0.4183517 0.4079031 0.3947193 0.3606824 0.3378001 0.3121921 0.2855389 0.2597418 0.2365121 0.2170249 0.1816191 0.1722745 0.1649875 0.1525537 0.1448395 0.1359659 0.1257004 0.1143454 0.1026325 0.09151449
0.4754943 0.5119383 0.5505314 0.5892726 0.6256781 0.6692457 0.6957254 0.7066083 0.7083808 0.7021358 0.7099427 0.7005354 0.6931488 0.6892795 0.6894602 0.6931475 0.6971216 0.7001084 0.6992636 0.6983237 0.6887383 0.6779138 0.6655897 0.6546558 0.6454524 0.6378293 0.6314364 0.6155419 0.5943146 0.5899068 0.5814263 0.5726493 0.5431471 0.5288745 0.5152865 0.5042518 0.4969135 0.4926457 0.4901151 0.4692945 0.4595736 0.4395855 0.4015808 0.3714281 0.3400777 0.3100079 0.2832316 0.2611494 0.2353215 0.2246047 0.2057151 0.1976897 0.1878417 0.1697618 0.1560832 0.1415558 0.1267634 0.1124341 0.09941615
0.4472006 0.4947372 0.5444303 0.5946014 0.6555867 0.6958371 0.7255489 0.7439082 0.7423541 0.7305455 0.7147924 0.7182692 0.710121 0.7087204 0.7143991 0.7245414 0.7384332 0.7494181 0.7504899 0.7445319 0.7268744 0.7073392 0.6855599 0.6662031 0.6496961 0.6357523 0.613809 0.6053089 0.599238 0.5824476 0.5759703 0.5698504 0.5450504 0.5344375 0.5257688 0.5212981 0.522405 0.5279846 0.535387 0.5252742 0.5151353 0.492092 0.4587989 0.4070338 0.3676603 0.3321202 0.3024452 0.2797568 0.2567663 0.2484761 0.2339475 0.2261804 0.2142995 0.1990591 0.1750645 0.1561121 0.1372491 0.1192087 0.09799209
0.4100472 0.4784864 0.5405403 0.6071748 0.670074 0.7330868 0.773724 0.7916395 0.7875745 0.7653216 0.7461382 0.7269078 0.7250465 0.7254171 0.7395769 0.7585149 0.7785046 0.7976095 0.8046871 0.7906954 0.7641501 0.7343328 0.7043217 0.6764112 0.6529461 0.6297905 0.6131254 0.5962668 0.5893687 0.5771655 0.5742198 0.5697669 0.5632985 0.5566618 0.5351681 0.5424443 0.550586 0.5658846 0.5801505 0.5912955 0.5753546 0.5463836 0.5025805 0.4533442 0.3926687 0.3504315 0.324804 0.2990398 0.2707475 0.2644189 0.2607731 0.2492239 0.2367451 0.2189219 0.1978012 0.1688647 0.1456523 0.1236908 0.1024309
0.3857018 0.4544712 0.5313373 0.6166747 0.6944869 0.7672989 0.8244624 0.845766 0.8335875 0.8021712 0.7659906 0.7392203 0.7301953 0.732847 0.7552844 0.7818123 0.8140195 0.8406042 0.8479353 0.8306327 0.7964475 0.7558575 0.7175027 0.6812363 0.6514195 0.6263751 0.6060327 0.5910695 0.5807637 0.5790095 0.5741893 0.5703574 0.5647416 0.5595497 0.5633019 0.5527281 0.5675781 0.5920811 0.6202429 0.6373247 0.6324764 0.5938327 0.5395171 0.4801221 0.4245184 0.3842007 0.3331921 0.3045338 0.2861014 0.2725573 0.2711453 0.2675937 0.2532432 0.2343406 0.2110393 0.1860812 0.1587644 0.1256849 0.0992976
0.3707793 0.4451213 0.5254542 0.6118126 0.707453 0.7926098 0.8561273 0.8809328 0.8622018 0.817278 0.7760568 0.7466956 0.7327111 0.7365576 0.7568858 0.7945685 0.8327572 0.863943 0.8730106 0.8548939 0.8142029 0.7682673 0.7222504 0.6839458 0.6516847 0.6245927 0.6017439 0.586067 0.5771934 0.5758289 0.5775493 0.5708243 0.5693824 0.5654763 0.5650395 0.5714753 0.5875935 0.6067408 0.6400716 0.6646283 0.660199 0.6219261 0.5609167 0.5016887 0.4427228 0.3916641 0.349261 0.307911 0.2874713 0.2752658 0.2745692 0.2723036 0.2625174 0.2441635 0.2211597 0.1941625 0.164772 0.133591 0.09839827
0.3628663 0.4352316 0.5147544 0.6013286 0.6943778 0.7817475 0.8498342 0.8754773 0.8567935 0.8123732 0.7654604 0.7408648 0.7278345 0.7329146 0.754289 0.7890457 0.8285393 0.8610631 0.8700122 0.8524757 0.8151696 0.7716708 0.7219135 0.6836176 0.6511977 0.625679 0.6033663 0.5867163 0.5779197 0.5768973 0.5775644 0.5805799 0.5807794 0.5642039 0.5638866 0.5704498 0.5824848 0.6093701 0.6374475 0.6612014 0.6575387 0.6190822 0.56558 0.505609 0.4454667 0.3957446 0.3540069 0.3103635 0.2896372 0.2766496 0.2747435 0.272506 0.264716 0.2495233 0.2272781 0.2013913 0.1722761 0.1405811 0.1107322
0.3525852 0.4161901 0.5007199 0.578617 0.6603751 0.7386414 0.7985956 0.8260808 0.8156838 0.7791975 0.7410281 0.7143517 0.7043189 0.722762 0.7428297 0.7728727 0.8063442 0.8337493 0.8423002 0.831533 0.7968339 0.7596281 0.7230073 0.6803847 0.6529245 0.6279731 0.6076993 0.5928721 0.584802 0.5824062 0.5788223 0.5806889 0.5794713 0.577992 0.5596957 0.5586301 0.571755 0.5931299 0.618312 0.6299278 0.6251758 0.5894691 0.5449241 0.493413 0.4447185 0.3970888 0.3453794 0.3172027 0.2968786 0.2819182 0.2763672 0.2732855 0.2638139 0.2510382 0.2328805 0.2102996 0.187283 0.1577354 0.1263977
0.3491558 0.4055499 0.4661518 0.5423634 0.6096795 0.6725497 0.7207755 0.7493244 0.749804 0.7283689 0.7026324 0.6865525 0.6840599 0.6929316 0.7232169 0.7477636 0.7763419 0.7943503 0.8095806 0.7993902 0.7786726 0.7413273 0.7143086 0.6870273 0.6623367 0.6309824 0.6135393 0.6070475 0.5976883 0.5821557 0.5795338 0.5764465 0.5773799 0.5678984 0.5652615 0.5663033 0.5542332 0.5693761 0.5837783 0.5920138 0.5692996 0.5447379 0.5079693 0.473434 0.41813 0.3832539 0.3538735 0.3255648 0.3012969 0.2903031 0.2838008 0.2765959 0.2709517 0.2536932 0.2383433 0.2246735 0.2025515 0.1760628 0.1496318
0.3430702 0.3866097 0.435672 0.488193 0.5412465 0.5980349 0.6343962 0.6627449 0.6744748 0.667016 0.6581286 0.6527826 0.6568498 0.6689149 0.6871096 0.7247774 0.7424113 0.7549266 0.7682194 0.7676553 0.7537957 0.7245205 0.7027342 0.6811832 0.6610389 0.643069 0.6286628 0.6156246 0.60661 0.590309 0.5790243 0.5739018 0.5675033 0.5609888 0.5554407 0.5522496 0.5524246 0.5399715 0.5453275 0.5343959 0.5280595 0.4973814 0.4717458 0.4332223 0.4045916 0.378748 0.3565072 0.3380414 0.3113064 0.3013832 0.2931705 0.2849811 0.2786821 0.2700982 0.2526409 0.2369559 0.2188139 0.1990196 0.1725879
0.326 0.3622752 0.4017078 0.4419627 0.4805599 0.5243887 0.5608935 0.5773723 0.58633 0.602278 0.6056139 0.613612 0.6261784 0.6427975 0.6617764 0.6807646 0.713046 0.7350929 0.7376724 0.7343106 0.733157 0.7085754 0.6923175 0.675279 0.6587017 0.6435804 0.6306434 0.6206582 0.5981889 0.5916712 0.5774149 0.5700961 0.5618204 0.5528201 0.5438258 0.5358358 0.5296973 0.5256025 0.5066342 0.4876749 0.4811884 0.4534359 0.4277413 0.4092188 0.3905372 0.3731529 0.35793 0.3452071 0.3219129 0.3127919 0.3072394 0.301909 0.2915488 0.2773322 0.2655015 0.2518401 0.2370778 0.2220508 0.2075915
0.3016224 0.3337608 0.3663643 0.3969136 0.4234573 0.4451359 0.4826812 0.4958102 0.508974 0.5350817 0.5525463 0.5725389 0.5945187 0.6173897 0.6396009 0.6593977 0.6894326 0.7136677 0.7168199 0.7155742 0.7075873 0.6972541 0.6843639 0.6700819 0.6556161 0.6420507 0.6301999 0.6065581 0.5981818 0.5910947 0.5843126 0.566431 0.5561264 0.5442471 0.5312238 0.5178278 0.5049477 0.4933782 0.4506708 0.4440328 0.4380201 0.4318554 0.3969082 0.3873647 0.3771634 0.3672922 0.3586481 0.3517134 0.3463894 0.3283907 0.3249325 0.3200263 0.3082716 0.2935563 0.281357 0.2685916 0.2563038 0.2453734 0.2362917
0.2722245 0.3033671 0.3319924 0.3553556 0.3718974 0.3940124 0.4006745 0.4174636 0.4332889 0.4562921 0.4988751 0.5314719 0.5641153 0.5951248 0.6231049 0.6467407 0.6782628 0.7026279 0.7065842 0.6971728 0.6916793 0.6911451 0.6794517 0.666108 0.652228 0.6388907 0.627013 0.6025627 0.5962814 0.5894141 0.581981 0.5731516 0.5515336 0.5363286 0.5186067 0.4990307 0.4786367 0.4411743 0.4258813 0.4020237 0.3970939 0.38816 0.3882221 0.367986 0.3650376 0.3618149 0.3593509 0.3583142 0.3569334 0.3579206 0.3465677 0.3422866 0.3292846 0.3129936 0.2990521 0.2859703 0.2752177 0.267747 0.2637575
0.2410062 0.2738372 0.3009136 0.3192311 0.3392725 0.3375549 0.3333905 0.3421743 0.3589568 0.3917287 0.4338712 0.4922612 0.5367745 0.5775794 0.613571 0.6572399 0.6782542 0.6916066 0.7070428 0.6987708 0.6919232 0.6815996 0.6775306 0.6635562 0.6489566 0.6346923 0.6074601 0.5986022 0.5921551 0.5871986 0.5807381 0.5716274 0.5489765 0.5300269 0.506991 0.4804761 0.4516529 0.4070725 0.3847054 0.370631 0.3517635 0.3559461 0.3631182 0.3510472 0.3543618 0.3570586 0.3604716 0.3706377 0.3709305 0.3774096 0.3721887 0.3648959 0.3532542 0.3377029 0.3170137 0.3024894 0.2924585 0.2879347 0.2821572
0.1964132 0.2309561 0.2750179 0.2918918 0.2939017 0.2902459 0.2747523 0.2697537 0.2913793 0.3323847 0.3888341 0.4474187 0.5138703 0.567382 0.6129424 0.651453 0.6877319 0.7047919 0.7068784 0.7085428 0.6981402 0.6822261 0.6667488 0.6623076 0.6401151 0.6240099 0.6098166 0.5942357 0.5886741 0.5855154 0.5808278 0.5721995 0.557137 0.5354074 0.4972935 0.4475611 0.4116373 0.3759247 0.3450698 0.3275507 0.3172456 0.3270004 0.3415845 0.3544401 0.3643032 0.352969 0.3668675 0.3775005 0.3898557 0.398259 0.4027791 0.3935072 0.377857 0.3569729 0.3366932 0.3208593 0.306789 0.3117714 0.3161395
0.1750091 0.2134195 0.2421355 0.2717646 0.2693062 0.2520751 0.2316009 0.2201327 0.2372639 0.2873528 0.3519277 0.4204476 0.4886806 0.5502025 0.6132954 0.6597701 0.6967204 0.7202101 0.7264491 0.7212004 0.7050804 0.686799 0.6685119 0.6449407 0.6275526 0.6202465 0.6048513 0.5932937 0.5857351 0.584203 0.5819147 0.5735817 0.5571483 0.5323054 0.4839062 0.4354132 0.3928433 0.350062 0.3137351 0.2919358 0.2927863 0.3050621 0.3243761 0.3418972 0.3603657 0.3721236 0.3671308 0.3829402 0.40119 0.4181498 0.4255528 0.4205455 0.3982738 0.372088 0.3479626 0.3371839 0.3278169 0.323095 0.3306504
