Params/IM.asc
ncols         653
nrows         607
xllcorner     103.7045833
yllcorner     22.118750033333
cellsize      0.00083333333333334
NODATA_value  -9999
[rows 312 to 337 of 607, columns 295 to 353 of 653]
0.02625632 0.02767584 0.02723846 0.02503559 0.02180951 0.01827481 0.01485666 0.01169646 0.008870782 0.006424927 0.004444337 0.003079317 0.002495671 0.002718098 0.00357585 0.004831686 0.006343515 0.008089873 0.01010759 0.01243162 0.01501804 0.01726247 0.01927397 0.01987313 0.018447 0.0160038 0.01304495 0.01016942 0.007638653 0.005521244 0.00380465 0.002480349 0.001543169 0.0009973135 0.0007995528 0.0008266672 0.0009265145 0.0009929902 0.0009876721 0.0009108333 0.001359645 0.001173369 0.0009417305 0.0007186189 0.0005827635 0.001175358 0.001615196 0.002299536 0.003070843 0.003779734 0.004295104 0.009721224 0.009287967 0.008196029 0.006929685 0.009139664 0.01092949 0.01577316 0.02307765
0.02274394 0.02372895 0.02330001 0.02182189 0.01955731 0.01689872 0.01415998 0.01156316 0.009219839 0.007206116 0.005593235 0.004494729 0.003973247 0.004014059 0.004520449 0.005366309 0.006448232 0.007737534 0.009242324 0.01095449 0.01224751 0.01405655 0.01536378 0.01527546 0.01453133 0.01290329 0.01085956 0.008748652 0.006821623 0.005167745 0.003809277 0.002741585 0.001967729 0.001477223 0.001225002 0.001131215 0.001107175 0.001084856 0.001028698 0.0009359469 0.0008145605 0.0006788937 0.001096197 0.0009546516 0.0008739042 0.001778458 0.002131093 0.002649717 0.003245902 0.003817028 0.004286083 0.004592679 0.004714145 0.009580624 0.00931524 0.009612953 0.01583599 0.01970402 0.02530485
0.02006954 0.02067656 0.02045654 0.01930488 0.01770366 0.01567561 0.01349468 0.01134487 0.009371179 0.007683069 0.006348427 0.00542316 0.004921336 0.004831533 0.005081065 0.005600343 0.006322362 0.007215666 0.008247475 0.009375746 0.0105237 0.01100851 0.01111473 0.0113497 0.01093542 0.009963591 0.008662776 0.007251002 0.005889096 0.004664693 0.003625558 0.002793587 0.002165197 0.001732972 0.001462935 0.001306987 0.001210885 0.00113147 0.001045846 0.0009453731 0.0008320538 0.000714806 0.001184024 0.001091396 0.000590726 0.000630708 0.002443666 0.002852507 0.003320325 0.003796969 0.004226791 0.004572933 0.004834108 0.01025823 0.01055513 0.01123903 0.01262334 0.02170388 0.02604359
0.01853201 0.01894839 0.01876935 0.0178197 0.01652648 0.01485401 0.01297878 0.01107371 0.009294617 0.007763536 0.006560145 0.005694651 0.005192046 0.005027925 0.00514853 0.005468284 0.005954773 0.006550982 0.007201669 0.007850778 0.008439213 0.008338634 0.007972782 0.00808024 0.00789052 0.007412739 0.006689865 0.005834839 0.004931449 0.004056653 0.003272025 0.00261796 0.0021093 0.001734777 0.001484143 0.001322798 0.001210567 0.001117751 0.001027086 0.0009287632 0.0008229101 0.0007163598 0.0006186244 0.0005705337 0.000587348 0.0006232842 0.0006809302 0.002848416 0.003254205 0.00367663 0.004071651 0.004411801 0.004702218 0.004990483 0.01050225 0.01123395 0.01248048 0.0214741 0.02500307
0.0181793 0.01857279 0.01839366 0.01762488 0.01614763 0.01451415 0.01267075 0.01078265 0.009000855 0.007447845 0.006203973 0.005315063 0.004796926 0.004627805 0.004729031 0.005011101 0.005391676 0.005801535 0.006172786 0.006448907 0.006595675 0.005894789 0.005426127 0.005440757 0.005412742 0.005289874 0.00501541 0.004581294 0.004025164 0.003410757 0.002807321 0.002272256 0.001838005 0.001521112 0.001314478 0.001190735 0.001111428 0.001043914 0.0009709602 0.0008841827 0.0007850366 0.0006814859 0.0005843104 0 0.000515519 0.0005447882 0.0005968186 0.002646555 0.003044869 0.003449812 0.003813825 0.00410626 0.004327913 0.004519904 0.004761975 0.009856842 0.01089854 0.0125318 0.02246033
0.01891845 0.01946002 0.01923727 0.01827128 0.01673105 0.01463902 0.01257318 0.01049313 0.008528996 0.006790931 0.005362033 0.004358694 0.003824013 0.003723723 0.003939169 0.004320394 0.004717865 0.005041733 0.005222713 0.005212919 0.004263999 0.004041745 0.00380575 0.003338185 0.003431103 0.003584142 0.003652189 0.003531142 0.003227549 0.002794372 0.002305314 0.001830386 0.001432215 0.001154913 0.001003127 0.0009465872 0.0009353614 0.0009242009 0.0008866129 0.000818407 0.0007246668 0.000616819 0 0 0.0003936088 0.000415209 0.000470062 0.000547657 0.002725132 0.003144807 0.003482926 0.003696916 0.003775587 0.003748385 0.003737969 0.007481101 0.008301444 0.009869384 0.01201642
0.02055592 0.02135858 0.02106139 0.01973736 0.01814378 0.0158481 0.0126303 0.0102129 0.007941033 0.00589436 0.004201066 0.003012313 0.002454408 0.002500081 0.002946274 0.003524457 0.004031622 0.004346573 0.004405809 0.004176124 0.00367568 0.002568892 0.002123664 0.001719107 0.001913656 0.002279507 0.002590212 0.002699693 0.002573405 0.002260068 0.001832557 0.001377577 0.0009810736 0.000717777 0.0006183547 0.0006459867 0.0007229182 0.0007815363 0.0007904935 0.0007441186 0.0006541264 0.0005352357 0 0 0 0.0002594242 0.0003252051 0.001409902 0.001831327 0.002812995 0.00313147 0.00325216 0.003141569 0.002842254 0.002502593 0.002398559 0.005230235 0.006912027 0.01095566
0.02255404 0.02368896 0.02331628 0.0217353 0.01920109 0.01634998 0.01347039 0.01065371 0.007331213 0.004989642 0.003014755 0.001625583 0.001046765 0.001274741 0.001993488 0.002801648 0.003433299 0.003769549 0.003754183 0.003376021 0.002681073 0.001816735 0.0009169436 0.0007204144 0.0008731409 0.001375184 0.001836537 0.002082123 0.002070345 0.001833869 0.001446464 0.0009967798 0.0005856677 0.0003196361 0.0002592913 0.0003642085 0.0005247368 0.0006490357 0.0006992782 0.0006740738 0.0005863733 0.0004571033 0.0003113479 0 0 0 0.0006476909 0.001092097 0.001576618 0.001995856 0.002267928 0.002842258 0.002565245 0.002009049 0.0013565 0.0009859338 0.001289333 0.005123758 0.008411406
0.0239854 0.02541346 0.02496727 0.02278101 0.01990193 0.01661902 0.01339773 0.01034896 0.007472516 0.004352386 0.002216524 0.0007119211 0.0001316515 0.0004842985 0.001377674 0.002321529 0.003013703 0.003341355 0.003283453 0.002845957 0.002075006 0.0009211912 0.0002869339 8.379059e-05 0.0003454196 0.0008763974 0.001376163 0.001667472 0.001706899 0.001525581 0.001182526 0.0007541937 0.0003461857 8.206449e-05 4.244545e-05 0.0001888961 0.0003957688 0.0005571263 0.0006307018 0.0006179222 0.00053528 0.0004029587 0.0002464778 0 0 0 0 0.0008806637 0.001398728 0.001824866 0.002077329 0.002089904 0.002171515 0.00147361 0.0006500577 0.0001375112 0.0003842709 0.001452684 0.006745733
0.02395114 0.02543209 0.02496642 0.0226914 0.01941994 0.01633767 0.01309252 0.01006482 0.007239749 0.004625266 0.002359404 0.0006654995 0.0001110371 0.0004472778 0.001291461 0.002171356 0.002800338 0.003078223 0.002995159 0.002568755 0.001455695 0.0007969909 0.0002408981 6.441732e-05 0.0002822165 0.0007294064 0.00115761 0.001417212 0.001466562 0.001325294 0.001038198 0.0006682289 0.0003080304 7.114172e-05 3.574218e-05 0.0001717465 0.000365877 0.0005196449 0.0005921202 0.0005832595 0.0005075169 0.0003833889 0 0 0 0 0 0 0.00133032 0.001729426 0.001959703 0.001960741 0.0016869 0.001149125 0.0005882613 9.849128e-05 0.0003360063 0.001295103 0.002371178
0.022263 0.023506 0.02307413 0.02105918 0.01814064 0.01499374 0.01197636 0.009759665 0.007211921 0.004905457 0.002949846 0.00137951 0.0008690168 0.001058591 0.001653942 0.002294983 0.002754232 0.002944999 0.002133882 0.001889399 0.001475543 0.0009817308 0.0005755973 0.0004425363 0.0004910166 0.0007950218 0.001092422 0.001277466 0.001312741 0.00120268 0.0009799767 0.0006954162 0.0004179946 0.0002310623 0.0001915599 0.0002800259 0.0004164875 0.0005274809 0.000579238 0.0005672979 0 0 0 0 0 0 0 0 0 0 0.001905498 0.00192219 0.001725524 0.001337908 0.0008866994 0.0006283485 0.0008174984 0.001487427 0.002428519
0.01952926 0.02038527 0.0199881 0.01841431 0.01612497 0.01358799 0.01109176 0.008757804 0.00722577 0.005348278 0.003310169 0.002338498 0.001875059 0.001881874 0.002176526 0.002532037 0.002789459 0.002108913 0.002056651 0.001870667 0.001580811 0.001253856 0.0009928711 0.0008986078 0.0007420262 0.0009137001 0.00108575 0.001192562 0.001203282 0.00111977 0.0009604724 0.0007609254 0.0005680234 0.0004335508 0.0003897361 0.0004255571 0.0004960889 0.0005555426 0.0005791981 0 0 0 0 0 0 0 0 0 0 0 0 0.001928776 0.001834592 0.001626656 0.001396075 0.00130038 0.001481401 0.001959054 0.002613296
0.01652552 0.01695783 0.01659476 0.01545706 0.0138165 0.0119257 0.01000183 0.008176436 0.006516612 0.004885565 0.003825251 0.003074114 0.002654034 0.002527258 0.00259086 0.002721451 0.002037299 0.002053171 0.001991007 0.001853398 0.001661072 0.001453994 0.001292549 0.0008597228 0.0009005303 0.000984194 0.001070136 0.001117975 0.001111088 0.001047206 0.0009380634 0.0008045874 0.0006759178 0.0005817267 0.0005368729 0.0005361107 0.0005578658 0 0 0 0 0 0 0 0 0 0 0 0 0 0 0 0 0.001850349 0.001781981 0.00179795 0.001966476 0.0022971 0.002733503
0.01367709 0.01371597 0.01337179 0.01261351 0.01151724 0.01020829 0.008825594 0.007457334 0.006178169 0.005052998 0.003975347 0.003383491 0.003006171 0.002821873 0.002765621 0.001994631 0.001998378 0.001974366 0.001906488 0.001795906 0.001659112 0.001520386 0.0009270263 0.0009154317 0.0009355757 0.0009751864 0.001014043 0.001032865 0.001018958 0.00096925 0.0008911663 0.0007997044 0.0007109536 0.0006412087 0.000599031 0.000582293 0.0005791608 0 0 0 0 0 0 0 0 0 0 0 0 0 0 0 0 0.001930614 0.001944475 0.002007862 0.002159288 0.002400716 0.002700338
0.01104427 0.01077563 0.01044627 0.01001025 0.009368532 0.008567081 0.007637805 0.006638945 0.00564663 0.004737795 0.00397384 0.003257489 0.002930038 0.002751164 0.001933477 0.001908091 0.001891454 0.001855494 0.001786087 0.001684528 0.001565333 0.001450559 0.0008580182 0.0008500008 0.0008639664 0.0008919431 0.0009179953 0.0009305689 0.0009185147 0.000878646 0.0008165103 0.0007440155 0.0006744183 0.000616616 0.0005798965 0.000562359 0 0 0 0 0 0 0 0 0 0 0 0 0 0 0 0 0 0 0.001878544 0.001943275 0.002073651 0.002273484 0.002507489
0.009570789 0.008053623 0.007769296 0.007611526 0.007421661 0.007059968 0.006503195 0.005785215 0.004984569 0.004193939 0.003492965 0.002784309 0.00250246 0.002376551 0.001702357 0.001715816 0.001722686 0.001698479 0.001631201 0.001524201 0.001393897 0.0007426359 0.0007097755 0.0006992667 0.0007174066 0.0007540341 0.000792267 0.0008148536 0.0008110733 0.0007776179 0.0007196897 0.0006490879 0.0005791885 0.0005253004 0.0004951813 0 0 0 0 0 0 0 0 0 0 0 0 0 0 0 0 0 0 0 0 0.001657717 0.001767653 0.001954861 0.00219067
0.007009903 0.00545851 0.005269533 0.005441587 0.005680439 0.005727933 0.005480721 0.004969114 0.004278464 0.003518096 0.002800904 0.002248991 0.001829066 0.001295343 0.001357202 0.001451113 0.001515415 0.001520188 0.001457519 0.001334318 0.0006353296 0.0005682181 0.0005136718 0.0004968431 0.0005260233 0.0005869825 0.0006526015 0.0006958073 0.0007041586 0.0006744107 0.0006121721 0.0005297304 0.000447485 0.0003877605 0.0003642188 0 0 0 0 0 0 0 0 0 0 0 0 0 0 0 0 0 0 0 0 0.001216505 0.001309311 0.001519961 0.001798216
0.004500992 0.003491811 0.003003696 0.003548762 0.004203642 0.004607321 0.004621858 0.004257422 0.002891611 0.002221632 0.00203911 0.001431327 0.0008502625 0.0007996121 0.0009697147 0.0007270984 0.0007700003 0.001345042 0.001288014 0.001141158 0.0009325061 0.0003904344 0.0003062561 0.0002797801 0.0003255507 0.0004188858 0.0005166954 0.0005853488 0.0006074398 0.0005795351 0 0 0.0003043465 0.000231263 0 0 0 0 0 0 0 0 0 0 0 0 0 0 0 0 0 0 0 0 0 0 0.00079012 0.00105018 0
0.00239803 0.001274144 0.001434356 0.002106968 0.003097525 0.003761808 0.003255797 0.002994683 0.002459321 0.00177142 0.001074533 0.000704119 0.0003107692 0.0003666748 0.0004185411 0.0005779528 0.0006691377 0.0006788645 0.0006168715 0.0009773197 0.0007310853 0.0004564749 0.0001337888 9.831632e-05 0.0001594357 0.0002816184 0.0004072244 0.0004952158 0 0 0 0 0 0 0 0 0 0 0 0 0 0 0 0 0 0 0 0 0 0 0 0 0 0 0 0 0 0 0
0.001267875 0.0001241449 0.0003388641 0.001355152 0.002473108 0.002696399 0.002872218 0.002665553 0.002170847 0.00149879 0.0007914121 0.0002391073 1.860662e-05 9.492016e-05 0.0002950342 0.0004863251 0.0005999146 0.0006231939 0.0005687136 0.0004553248 0.0006106656 0.0001655543 4.518483e-05 6.451146e-06 7.311736e-05 0.0002054209 0.0003401394 0 0 0 0 0 0.0001722971 3.610297e-05 1.526531e-05 0.0001226806 0 0 0 0 0 0 0 0 0 0 0 0 0 0 0 0 0 0.0003451644 0.0001321724 0 5.842525e-05 0.0002396962 0
0.00143263 0.0003326822 0.0004944887 0.001172166 0.001974324 0.002501101 0.002653942 0.002471047 0.002030913 0.001427806 0.0007906347 0.0002889109 8.404461e-05 0.0001194728 0.000294743 0.0004652776 0.000568905 0.0005911939 0.0005422165 0.0004384102 0 0 5.898142e-05 0 8.338367e-05 0 0 0 0 0 0.0005533225 0.0003972999 0.0002106714 6.75431e-05 4.566714e-05 0.0001584986 0.000341088 0.0005121527 0 0 0 0 0 0 0 0 0 0 0 0 0 0 0.0006192065 0.0003997706 0.0001758634 5.104e-05 9.83908e-05 0.0002889129 0.0005217738
0.002318206 0.00145369 0.001179013 0.001626566 0.002141407 0.002477201 0.002551792 0.002375003 0.001998484 0.001505877 0.0009959691 0.0005941158 0.0004138764 0.0002680276 0.0003811665 0.0004964996 0.0005667377 0.000577907 0 0 0 0 0 0 0.0002341094 0 0 0 0 0.0007317028 0.0006569583 0.0005209519 0.0003601019 0.000238512 0.0002200403 0.0003155922 0.0004722412 0.0006210219 0.0007165654 0 0 0 0 0.0002709682 0 0 0.0003575629 0 0 0 0.0009267892 0.0008865455 0.0007579569 0.0005673314 0.0003755609 0.0002699541 0.0005574193 0.0004720155 0.0006730446
0.003510831 0.002748351 0.002029631 0.00217197 0.002390515 0.002523258 0.002499589 0.002318427 0.002014034 0.001634949 0.001255526 0.000956185 0.0008011674 0.0004354753 0.0004861783 0.0005436342 0.0005765317 0 0 0 0 0 0 0.0003665119 0.0004258439 0.0005378303 0 0.0007787507 0.0008450077 0.0008539955 0.0008026498 0.0007028401 0.0005860963 0.0005001101 0.0004873112 0.0005543865 0.0006671557 0.0007763131 0.0008447078 0.0008541282 0.0008043349 0 0.0005771396 0.0004556828 0.0003775189 0.0004790115 0.0005847887 0.0007398769 0 0.001015837 0.001070134 0.001049844 0.0009569294 0.000817207 0.0006795693 0.0006056514 0.001128327 0.001362816 0.0008945803
0.004350718 0.002877692 0.002618512 0.002551263 0.002559584 0.002539657 0.002444089 0.002263041 0.002012747 0.001727543 0.001447824 0.001224733 0.0005700772 0.0005500593 0.000558828 0.0005753684 0 0 0 0 0 0 0 0.0005697545 0.0006250973 0.000715771 0.0008213787 0.000914811 0.0009772911 0.0009963912 0.0009703892 0.0009091282 0.0008353298 0.0007825244 0.0007744231 0.0008156504 0.0008863949 0.0009548476 0.0009930232 0.0009879861 0.0009378184 0.0008519237 0.0007475236 0.0006495867 0.001278671 0.001291163 0.0008242899 0.0009493969 0.001078574 0.001181889 0.001238596 0.00123841 0.001185459 0.001097371 0.001011297 0.001665832 0.001732619 0.001902213 0.002124001
0.003599376 0.003109525 0.0028195 0.002664695 0.002569511 0.002476442 0.002350445 0.002176805 0.001963516 0.001734326 0.001518301 0.0006674602 0.0006152847 0.0005885428 0.0005792754 0 0 0 0 0 0 0 0.0007012543 0.0007300627 0.0007884305 0.0008716222 0.0009651476 0.001052901 0.001117383 0.001146777 0.001139496 0.001105381 0.001060973 0.001027129 0.001022048 0.001048916 0.001092412 0.001131242 0.001148207 0.001130318 0.001075655 0.0009932544 0.0008997215 0.0008116293 0.001631977 0.001645484 0.001025802 0.001137752 0.00125429 0.001354303 0.001417794 0.00143486 0.001409539 0.001359268 0.00217684 0.002171133 0.002240899 0.002379844 0.002549731
0.003338315 0.002916709 0.002656665 0.002510971 0.002412304 0.002320438 0.002202562 0.002044638 0.001852934 0.001648176 0.001456697 0.0006235181 0.0005792265 0.0005556439 0 0 0 0 0 0 0 0.0007637618 0.0007790247 0.0008162875 0.0008831757 0.0009757251 0.001078781 0.001177552 0.001252887 0.001291554 0.0012913 0.001262291 0.00122253 0.001189445 0.001184601 0.001210279 0.001250604 0.001284767 0.001295358 0.001268857 0.001203692 0.001110162 0.001006292 0.00186994 0.001822382 0.001837997 0.001916748 0.001272333 0.001401968 0.001515902 0.001592317 0.001619829 0.00160219 0.001557724 0.002471979 0.00247821 0.002558023 0.002707719 0.002882413
