Params/IM.asc
ncols         653
nrows         607
xllcorner     103.7045833
yllcorner     22.118750033333
cellsize      0.00083333333333334
NODATA_value  -9999
[rows 182 to 207 of 607, columns 354 to 412 of 653]
0.5255826 0.4743255 0.408397 0.3651847 0.3267401 0.2943936 0.2710582 0.2578503 0.2542991 0.2501525 0.2425818 0.2264094 0.2018427 0.1636184 0.1283118 0.09188942 0.05900062 0.03797263 0.02783693 0.03030457 0.03976634 0.04911584 0.05365524 0.05273345 0.04269036 0.03441431 0.02479375 0.01293022 0.005907911 0.005207562 0.005077026 0.007905816 0.009975024 0.01123443 0.007926397 0.007382517 0.006262147 0.004755732 0.003131107 0.00137499 0.001552128 0.002438513 0.003785665 0.005210758 0.006386603 0.007061527 0.007034311 0.006254269 0.004862079 0.00335955 0.002963706 0.003428505 0.00503075 0.006910945 0.008331976 0.008968008 0.009574803 0.008712099 0.00721139
0.506896 0.4629579 0.4266875 0.3928445 0.3486806 0.3210331 0.3015784 0.2851102 0.2746673 0.2717783 0.2567226 0.2428235 0.2197599 0.1909114 0.1491877 0.1174121 0.09366525 0.07300394 0.05328738 0.05457478 0.06024572 0.06214565 0.06704563 0.06432808 0.05790421 0.04083588 0.02637375 0.02039991 0.01635351 0.007944923 0.008425501 0.00948229 0.01189759 0.01262403 0.0126168 0.01188884 0.007169276 0.005855005 0.005003677 0.004529546 0.002947693 0.003741696 0.004928045 0.006268247 0.007498886 0.008391292 0.008757298 0.008473246 0.007633667 0.006632102 0.006057292 0.007239231 0.008343982 0.009597267 0.01043824 0.01003415 0.00960089 0.008700271 0.008786605
0.4802864 0.4549999 0.4313145 0.4090725 0.3880827 0.3544236 0.3398732 0.3220131 0.305769 0.2988175 0.2811227 0.2632622 0.2397916 0.2123491 0.1832302 0.151951 0.1275522 0.109605 0.09121078 0.08132575 0.0813797 0.08127332 0.0788639 0.07372846 0.06625756 0.05741616 0.03324793 0.02795612 0.02028313 0.018757 0.01177589 0.01199261 0.01389896 0.01410705 0.01387321 0.01317936 0.01213291 0.00723607 0.006792684 0.006632318 0.006946171 0.00502658 0.006160681 0.007503667 0.008889588 0.01013179 0.0110391 0.01147391 0.01141088 0.01108181 0.01083533 0.01219865 0.01268531 0.01312172 0.01256327 0.01210815 0.01125693 0.0101686 0.009032525
0.4581212 0.4465971 0.4359345 0.4260585 0.4167361 0.3921988 0.3745586 0.367864 0.359881 0.3360015 0.3121143 0.2897897 0.2636262 0.235569 0.2078654 0.1826083 0.1583306 0.1316245 0.1218218 0.1156829 0.1025618 0.09760863 0.09140742 0.08361728 0.07458521 0.06511275 0.05617653 0.03398649 0.02562845 0.02362773 0.01439844 0.0156185 0.01559189 0.01545389 0.01504344 0.01433276 0.01341681 0.01247892 0.008113205 0.008129728 0.008527583 0.006017881 0.007234611 0.00874044 0.01045182 0.01222165 0.0138725 0.01523433 0.01619662 0.01669139 0.01682958 0.01671739 0.01798132 0.01681908 0.01584109 0.01455047 0.01308426 0.01161153 0.01029831
0.4356222 0.4380647 0.4408347 0.4440464 0.4474989 0.4390646 0.426258 0.4234394 0.4138059 0.3902476 0.3514549 0.3217712 0.2900878 0.2587975 0.2300539 0.2054757 0.1738301 0.1574938 0.1474059 0.1392719 0.1220837 0.1133902 0.1037388 0.09310203 0.08188615 0.07082488 0.06078194 0.04741032 0.02841203 0.0260408 0.02480993 0.01685679 0.01670441 0.01645962 0.01595434 0.0151614 0.01418241 0.0132081 0.008696581 0.008743946 0.00920501 0.01015391 0.007935828 0.009789445 0.01202542 0.01454418 0.01719318 0.01976986 0.02202506 0.02358666 0.02423641 0.02390113 0.02207609 0.02189269 0.0196401 0.01724907 0.0149242 0.01282666 0.01108084
0.4122594 0.4293532 0.4462146 0.4634526 0.4811386 0.4873838 0.5001188 0.4901345 0.4731122 0.4471581 0.3981918 0.3577454 0.3174587 0.2801727 0.2478446 0.2216838 0.1911712 0.1761742 0.1666755 0.158002 0.1484522 0.1279042 0.115183 0.1015163 0.08744475 0.07372961 0.05599276 0.04652182 0.02773117 0.0252136 0.02564882 0.0258683 0.01708295 0.01703062 0.01653323 0.01558272 0.01431555 0.01296315 0.01183642 0.008271995 0.008750753 0.00991102 0.01174386 0.01046646 0.01342987 0.01693431 0.02087229 0.02502418 0.02892552 0.03193368 0.03331148 0.03266997 0.02968691 0.02775125 0.02385457 0.02005254 0.01660586 0.01363865 0.0112149
0.3880919 0.4205601 0.4520147 0.4840222 0.5192877 0.5409361 0.5671067 0.5672849 0.5481761 0.5112913 0.4622656 0.395222 0.3436825 0.2981133 0.2600235 0.2192097 0.2002117 0.1882409 0.1787126 0.1711923 0.1618271 0.149764 0.1253541 0.1085856 0.09107821 0.07367475 0.05292751 0.04055005 0.03242274 0.02153208 0.02208538 0.02396776 0.02513011 0.0172307 0.01684856 0.01565753 0.01385393 0.01176267 0.009923713 0.008923055 0.007055822 0.008568269 0.01104694 0.01065516 0.01450777 0.01918781 0.02466698 0.03017935 0.03672271 0.04162661 0.04401705 0.04258011 0.03842451 0.03260439 0.02825239 0.02275946 0.01797806 0.01395021 0.01064108
0.3799388 0.4285088 0.4600479 0.5058074 0.5539455 0.6020903 0.6359592 0.6499515 0.6258692 0.5758296 0.5102482 0.4426493 0.3800413 0.3152926 0.2696656 0.2341472 0.2014507 0.1896242 0.1840782 0.1787359 0.1713125 0.1593334 0.1432055 0.1144651 0.09322587 0.07135234 0.05047326 0.03062808 0.02040917 0.01831429 0.01613779 0.02034114 0.02405355 0.0258046 0.01711112 0.01557964 0.01302699 0.009939901 0.007059246 0.005370437 0.00438697 0.006379692 0.009680401 0.01388757 0.01883891 0.02107634 0.02757686 0.03574015 0.04429774 0.05177854 0.05515004 0.05352014 0.04740743 0.04031796 0.03227519 0.02508605 0.01894283 0.01378202 0.009545937
0.3611962 0.42358 0.4792088 0.520955 0.5812054 0.6427891 0.693205 0.7131155 0.6910568 0.6267794 0.5475592 0.4681586 0.3991815 0.336402 0.2725489 0.2319579 0.2033963 0.1857705 0.1823936 0.1814192 0.1770462 0.1664717 0.1500038 0.1285239 0.1034332 0.06927422 0.04382248 0.02203803 0.008235133 0.006395907 0.009886054 0.01730454 0.02329013 0.02624407 0.02598533 0.02300381 0.01238772 0.008248425 0.004266769 0.001851041 0.002158301 0.004186264 0.008288044 0.013356 0.01866101 0.02530721 0.03013768 0.04000702 0.05066885 0.05998552 0.06465916 0.06253326 0.05517177 0.04513645 0.03525253 0.02661779 0.01940154 0.01340994 0.008432447
0.3556493 0.4211568 0.4810775 0.5401656 0.6020099 0.658653 0.7148053 0.7384014 0.7151317 0.6527454 0.5659983 0.4828386 0.4077497 0.3423037 0.2860999 0.2394352 0.1997914 0.1837621 0.1804309 0.1832439 0.1838937 0.1715801 0.1554544 0.1334133 0.1068067 0.07702016 0.04782461 0.02039931 0.003055317 0.0009559148 0.01036635 0.02387984 0.02408348 0.02765754 0.02741741 0.02399128 0.01818337 0.01007014 0.004067261 0.0003678938 0.000674085 0.004476275 0.01036523 0.01283838 0.01889968 0.02589152 0.03417111 0.04390429 0.05321131 0.06337418 0.06853879 0.06618617 0.057517 0.04703838 0.03633835 0.02710651 0.01946701 0.01314822 0.007897469
0.3735818 0.4245853 0.4814747 0.5346183 0.593217 0.6514253 0.6961091 0.7167493 0.6968044 0.6392109 0.5671272 0.4936327 0.4097359 0.347446 0.2888645 0.2447635 0.2112338 0.1895812 0.1848172 0.1868432 0.1879254 0.1825011 0.1608109 0.139455 0.1132667 0.09326172 0.0606424 0.03110678 0.01139819 0.008982187 0.0162501 0.02925418 0.04008105 0.03065087 0.03001677 0.02623649 0.02427404 0.0158917 0.007994675 0.002504838 0.002898952 0.005998916 0.01148394 0.01768841 0.01914384 0.02574667 0.03352665 0.04254129 0.05227428 0.06015254 0.06484973 0.06271301 0.0547736 0.04424951 0.03388064 0.02646395 0.01919119 0.01316947 0.008195109
0.3934942 0.4465879 0.4781092 0.525602 0.5731921 0.618776 0.6537743 0.6635461 0.6456823 0.6031774 0.5420809 0.4812917 0.4230126 0.3469849 0.3001519 0.2605461 0.2313057 0.2112421 0.1984139 0.2033586 0.1955408 0.189453 0.1766487 0.1698724 0.1357527 0.1079618 0.07896402 0.0534981 0.036605 0.03038927 0.03378784 0.04104352 0.04907681 0.05285772 0.05758786 0.0353928 0.02889024 0.02141511 0.01840981 0.008175747 0.007160265 0.009995758 0.01444864 0.01959295 0.02500232 0.03064439 0.03138492 0.03877681 0.04653945 0.05400947 0.05544159 0.05379789 0.04763239 0.03925689 0.03075136 0.02317463 0.018508 0.01327678 0.009018658
0.4163641 0.4562269 0.4935208 0.5287977 0.5484828 0.5784484 0.601923 0.6072372 0.5874302 0.5574408 0.5166974 0.4586377 0.4128256 0.3697153 0.3302428 0.2829436 0.2563473 0.2378753 0.2362143 0.2234597 0.2214227 0.1997213 0.2000801 0.1832622 0.1617385 0.1269317 0.1036522 0.08273567 0.06853183 0.05326663 0.05609598 0.06191462 0.06130346 0.06845266 0.06612634 0.06033972 0.03483558 0.03580567 0.02927732 0.02531991 0.0129437 0.01482973 0.01797021 0.02176026 0.02578984 0.03002221 0.03450273 0.03378555 0.04096628 0.04520772 0.04721961 0.04286911 0.03866496 0.03278232 0.02651596 0.02065531 0.01559598 0.011413 0.009757235
0.4446883 0.4707627 0.4956705 0.5190465 0.5405062 0.543032 0.5561665 0.5556727 0.5364875 0.5165023 0.4758698 0.442708 0.4085542 0.3754256 0.3447007 0.3174936 0.2823806 0.2780214 0.2673717 0.2475849 0.2416373 0.2278794 0.2153699 0.1990548 0.1797601 0.1589509 0.1292731 0.1127029 0.09275009 0.08774656 0.08024715 0.08143033 0.08191954 0.08021896 0.07594071 0.06943388 0.06160212 0.04507785 0.03958277 0.03305093 0.03216366 0.01908453 0.02104324 0.02351579 0.02625997 0.02913515 0.03207446 0.03500401 0.0343238 0.03678122 0.03779398 0.03700563 0.0299052 0.02616237 0.02190452 0.0177516 0.01400115 0.01079878 0.008206087
0.470955 0.4850029 0.4988448 0.5116709 0.5227985 0.515189 0.5156249 0.5162516 0.5107662 0.4850701 0.4534804 0.430461 0.4056258 0.3808409 0.3576902 0.3373242 0.306992 0.3079378 0.2978338 0.2894679 0.2592331 0.2474115 0.2330192 0.2162679 0.1980662 0.1797524 0.1627983 0.139506 0.1207247 0.1151307 0.1117317 0.1009325 0.09749561 0.09265198 0.08613957 0.07829779 0.06991955 0.06201433 0.04347292 0.04014792 0.03863128 0.02189548 0.02300938 0.02456252 0.02630942 0.02804004 0.02962538 0.03099103 0.0320647 0.02938216 0.02963036 0.02906138 0.02226043 0.02011979 0.01752854 0.01479104 0.01214133 0.009755442 0.007748213
0.4940677 0.4981358 0.5025779 0.5064254 0.5089309 0.5042824 0.4892015 0.487562 0.4837488 0.465176 0.4385563 0.4226243 0.4045565 0.3860955 0.3689499 0.3543129 0.3570859 0.3348656 0.3263291 0.3171733 0.3006953 0.268898 0.2519493 0.2336757 0.2151446 0.1976126 0.1822539 0.1600916 0.1439327 0.1382261 0.1332603 0.1190884 0.1126077 0.1048755 0.09585199 0.08591262 0.07581615 0.06653792 0.04695136 0.0429257 0.04096666 0.04072491 0.02360174 0.02477322 0.02592846 0.02680084 0.02724332 0.02723113 0.02685395 0.02292518 0.02258653 0.02220205 0.02166021 0.01498195 0.01365583 0.01200604 0.01020025 0.008423727 0.006833027
0.513942 0.5097938 0.5063004 0.5024431 0.4975136 0.4867672 0.4817968 0.4662359 0.4544802 0.450775 0.4299295 0.4187088 0.4052266 0.3912174 0.3785442 0.3832855 0.3750594 0.3687391 0.3522901 0.3388931 0.3253366 0.2911923 0.2709959 0.250139 0.2298381 0.2112951 0.185376 0.1751487 0.1608531 0.1556415 0.1501913 0.1435864 0.126536 0.1162755 0.1044957 0.09162771 0.07848036 0.06241448 0.0529076 0.04025622 0.03824425 0.03873264 0.04051033 0.02420426 0.02523124 0.02553321 0.02499114 0.02367646 0.02183066 0.02001403 0.01624403 0.01606993 0.01632772 0.01653471 0.01040197 0.0095567 0.008358442 0.006994091 0.005654202
0.5287235 0.5198569 0.5096506 0.4990364 0.4821086 0.4714162 0.4621715 0.4491017 0.4417911 0.4413295 0.4387399 0.4177146 0.4071895 0.396107 0.3989897 0.3915118 0.3884423 0.3854399 0.3720211 0.3630965 0.3482564 0.3287615 0.2890311 0.2648742 0.2416392 0.2259844 0.1939697 0.1824506 0.1750619 0.1659243 0.161755 0.1558753 0.1486228 0.1265956 0.1119876 0.09545531 0.07782689 0.057708 0.04437349 0.03629987 0.03005488 0.03276243 0.03713706 0.04079988 0.0244609 0.02443659 0.02299887 0.02032813 0.01698568 0.01391596 0.0121659 0.01041688 0.0115889 0.0128947 0.01356253 0.007537762 0.006756252 0.005646744 0.004413462
0.5413881 0.5259766 0.5069183 0.4910659 0.4743509 0.4577042 0.444552 0.4355203 0.4323417 0.4350088 0.4353502 0.4315487 0.4239922 0.4130012 0.4046495 0.3987302 0.3961987 0.3966087 0.3937797 0.3827904 0.3673518 0.3459205 0.3210115 0.2942285 0.2563592 0.2306139 0.2074604 0.1825119 0.173893 0.1709334 0.1674081 0.1651434 0.158034 0.1458812 0.1188396 0.09811672 0.07518946 0.05220415 0.03139658 0.02076801 0.01779941 0.02409699 0.03245138 0.03899005 0.04193382 0.02378902 0.02146373 0.01747212 0.01261096 0.008230883 0.005936087 0.005452843 0.007595607 0.009959306 0.01147586 0.01176478 0.005470013 0.004507444 0.003323708
0.5505107 0.5267434 0.5082334 0.4891294 0.4694481 0.4482629 0.4321043 0.424138 0.4283988 0.4312444 0.434239 0.4422572 0.4378659 0.4297505 0.4092463 0.4034873 0.4011611 0.4035221 0.4018445 0.3981462 0.3802115 0.3587162 0.3376699 0.3095862 0.27898 0.2345988 0.2064804 0.1831244 0.1679338 0.1662705 0.171046 0.1703262 0.1660462 0.1543853 0.1354803 0.1103688 0.07385016 0.04501217 0.02244782 0.006124324 0.006964477 0.01634659 0.02886984 0.03830139 0.04245695 0.04129314 0.0356092 0.0157008 0.00954767 0.005094019 0.001377726 0.002637688 0.004893055 0.008037923 0.01012968 0.01074583 0.01000518 0.008213191 0.002553396
0.5515437 0.531639 0.5119634 0.4912318 0.4687768 0.4480899 0.4287065 0.4210058 0.4259716 0.4369801 0.4533004 0.444811 0.4414219 0.433786 0.4240071 0.4228356 0.407905 0.4041484 0.4035663 0.4009624 0.3927405 0.3697532 0.3464781 0.3191487 0.2881013 0.2537832 0.2166664 0.1825652 0.1662212 0.1642488 0.1720165 0.1802452 0.1741961 0.1636432 0.1442734 0.117272 0.08448914 0.05000089 0.01936106 0.001995215 0.003319915 0.01817668 0.03648932 0.04034058 0.0448523 0.04330891 0.03677421 0.02666324 0.01110955 0.00379746 0.000202221 0.001457685 0.005787985 0.01056345 0.009607098 0.01028914 0.009603261 0.007845868 0.005924223
0.553546 0.5355865 0.5171986 0.5009761 0.4791234 0.4567106 0.4388043 0.4309636 0.4357805 0.4483748 0.4600948 0.46618 0.4470401 0.4395446 0.4426022 0.4291448 0.4170314 0.4067882 0.4049146 0.4039566 0.397453 0.3870612 0.3706979 0.3299724 0.3012998 0.2663718 0.2324945 0.2012358 0.1784812 0.1755086 0.1821085 0.1912402 0.1935593 0.1855525 0.1566652 0.1392102 0.1052038 0.06840753 0.0359486 0.0160529 0.01668704 0.02868384 0.04535267 0.05783206 0.04979851 0.04740137 0.04552248 0.03434236 0.02173315 0.01035514 0.003717556 0.004803574 0.007858647 0.01193885 0.01481147 0.01035974 0.009649613 0.008800292 0.006412918
0.5530915 0.5393218 0.5293728 0.5124664 0.4941186 0.47608 0.4606666 0.4532155 0.4570617 0.4657697 0.4729995 0.4767383 0.4912828 0.4835925 0.4523072 0.4395151 0.430669 0.4216546 0.4108014 0.4089472 0.4061888 0.3941207 0.3813723 0.3597377 0.3170801 0.290273 0.2610342 0.235042 0.2159858 0.2061686 0.2125203 0.2119623 0.2124411 0.2036586 0.1966917 0.1593184 0.1281519 0.0954446 0.06847873 0.05132987 0.04415449 0.05349304 0.06195176 0.07025728 0.07267293 0.07524881 0.05208951 0.04159451 0.02875134 0.02036063 0.01079197 0.0101034 0.01253172 0.01473235 0.01661933 0.01811454 0.01723976 0.009473328 0.007476096
0.5576514 0.5487044 0.5387945 0.5275317 0.5151337 0.501098 0.4896363 0.4857193 0.4855497 0.4894708 0.4929478 0.5086464 0.5051032 0.496817 0.4850747 0.4580093 0.446761 0.4383085 0.433327 0.4190072 0.4163479 0.411636 0.3921566 0.3795027 0.3626592 0.3416757 0.3026041 0.2817518 0.2663951 0.2520476 0.2535144 0.256416 0.2507192 0.2403985 0.2221449 0.1974744 0.1688861 0.1325291 0.1089776 0.09387616 0.08019495 0.08352584 0.08928251 0.09292141 0.09196255 0.08630808 0.07686453 0.04773106 0.03917829 0.03213729 0.02644014 0.01668073 0.01761424 0.01899572 0.01991627 0.01989758 0.01886547 0.01696595 0.009122124
0.5612161 0.5559717 0.550225 0.543869 0.5368763 0.5295568 0.5223144 0.5208761 0.5196191 0.5180425 0.531556 0.5282415 0.521592 0.5119995 0.5005679 0.4887642 0.4642043 0.4560414 0.4516095 0.4329453 0.4304431 0.4160162 0.410555 0.4030684 0.393269 0.3811397 0.3672971 0.3378631 0.3322513 0.3261052 0.3065267 0.3020136 0.2884895 0.2731144 0.2525095 0.2283488 0.2028944 0.1702014 0.1508379 0.1353005 0.1287021 0.1159342 0.1151032 0.1125347 0.1071498 0.09878952 0.08823336 0.07680304 0.0491656 0.04272964 0.03652807 0.03479832 0.02215208 0.02234061 0.02232416 0.02178245 0.02058369 0.01881898 0.01674703
0.5673099 0.5651198 0.563307 0.56192 0.5607747 0.559604 0.5611093 0.5587397 0.5557824 0.5650173 0.5585814 0.5501078 0.5396495 0.5277996 0.5155461 0.5040451 0.4801679 0.4728406 0.4687221 0.4666889 0.4356393 0.4335809 0.4314898 0.4292906 0.4269477 0.4243678 0.4213632 0.4066317 0.4027674 0.3970787 0.3887383 0.3525814 0.3338352 0.3111939 0.2861014 0.2604552 0.2361909 0.2149224 0.1869141 0.1751153 0.1666752 0.1602763 0.1411536 0.1330508 0.1231283 0.1114737 0.09881866 0.08629273 0.07510048 0.04762679 0.04323303 0.04074327 0.02526931 0.02479233 0.02430269 0.02345842 0.02211201 0.02033038 0.01834288
