Params/IM.asc
ncols         653
nrows         607
xllcorner     103.7045833
yllcorner     22.118750033333
cellsize      0.00083333333333334
NODATA_value  -9999
[rows 364 to 389 of 607, columns 531 to 589 of 653]
0.02820922 0.01252377 0.00266718 0.0008632289 0.006073862 0.01342911 0.0237502 0.03153003 0.03645363 0.03777879 0.03492577 0.02806583 0.01921156 0.01050645 0.0113714 0.02701082 0.05116423 0.08733597 0.1232758 0.1592725 0.1942241 0.2268794 0.2546704 0.2751285 0.2828313 0.2827684 0.284421 0.2954025 0.3176103 0.3493004 0.3918568 0.4454503 0.5076991 0.5736864 0.6274658 0.6504697 0.6353041 0.5963658 0.5628971 0.539783 0.5377419 0.5587258 0.6027526 0.6617545 0.7373487 0.8004255 0.8207683 0.7842757 0.706992 0.6203323 0.5372149 0.468194 0.4140254 0.3736893 0.3484368 0.3318276 0.3266041 0.3257939 0.3198991
0.03382681 0.01976479 0.009618896 0.007777066 0.009596731 0.01685163 0.02417043 0.02986145 0.036537 0.03829977 0.03600618 0.03039186 0.02294863 0.01890123 0.02032537 0.03337997 0.0559237 0.08442891 0.1158424 0.1540164 0.1865608 0.2173481 0.2445156 0.2646379 0.2770361 0.2782479 0.2822182 0.2912385 0.3100869 0.3415683 0.3814428 0.4300013 0.4880504 0.5483207 0.5974146 0.6198304 0.6083931 0.5800445 0.5488086 0.5306712 0.5310512 0.5515092 0.5838121 0.6421952 0.7079239 0.7607712 0.7771569 0.7477336 0.6816126 0.6047713 0.5324007 0.4703526 0.4243518 0.3852722 0.3568082 0.3387152 0.329659 0.3266896 0.3188162
0.04343246 0.03608735 0.02689889 0.01478497 0.01750502 0.02251863 0.02832657 0.03264587 0.03568271 0.03918708 0.03801559 0.0347793 0.03205296 0.02940288 0.03467206 0.0452971 0.06453225 0.0878122 0.1141272 0.1417951 0.1756777 0.2026779 0.2269972 0.2455842 0.2563172 0.2673128 0.2701685 0.2840756 0.3009925 0.3255946 0.3601038 0.4047435 0.452984 0.5018299 0.541221 0.5627422 0.5572115 0.5356135 0.5214346 0.5105552 0.5046681 0.5244012 0.5584221 0.6043098 0.6531318 0.6913819 0.702471 0.6817378 0.6345502 0.5733057 0.5164626 0.471078 0.4296487 0.3952614 0.3691394 0.3503442 0.3392155 0.3300577 0.3237109
0.06249382 0.05167605 0.04398403 0.03230046 0.02634943 0.02928294 0.03375667 0.03655579 0.0381517 0.03835784 0.03729923 0.04128334 0.03975759 0.03969513 0.0469697 0.05600598 0.06999514 0.09016899 0.1110502 0.1334922 0.1565038 0.1790271 0.2047619 0.2207131 0.2317625 0.2489301 0.2544292 0.2628559 0.2852718 0.3070035 0.3353928 0.3695329 0.409253 0.4450942 0.474215 0.4906139 0.4949296 0.4848107 0.4739227 0.471761 0.4785927 0.496805 0.5250004 0.5581579 0.5914957 0.6163573 0.6263381 0.6114919 0.580492 0.5416485 0.5008246 0.4638908 0.4321711 0.4059093 0.3833826 0.3665836 0.3546031 0.3425813 0.3330726
0.0828485 0.06559558 0.0471435 0.04427119 0.034095 0.03538018 0.03828781 0.03978676 0.04058059 0.04052291 0.03976609 0.04435877 0.04440226 0.04545709 0.04883653 0.06135287 0.07264151 0.08920106 0.1058647 0.1237581 0.141861 0.1592108 0.1807374 0.1933374 0.2030938 0.209861 0.2322376 0.2502783 0.264843 0.2837675 0.3066306 0.3323538 0.3592471 0.3863907 0.4074673 0.4192982 0.4237171 0.4295644 0.4313951 0.4361559 0.4473605 0.4651286 0.4880036 0.5131989 0.5346867 0.5538544 0.5584098 0.5507711 0.5325503 0.507741 0.481359 0.4562753 0.4341095 0.4154426 0.4001626 0.3860213 0.3704384 0.361487 0.3503473
0.09324276 0.06169172 0.05614957 0.05268071 0.05096193 0.04100156 0.04176521 0.0424022 0.04252646 0.04200911 0.04101115 0.03994793 0.04493152 0.04620636 0.04929795 0.05464724 0.07239656 0.08459907 0.09844872 0.1129117 0.1269181 0.1396067 0.1505146 0.1656274 0.1727917 0.1797758 0.1876048 0.2249511 0.239999 0.2572635 0.2758 0.2943866 0.3118114 0.3271518 0.3418707 0.3505673 0.3580771 0.3745987 0.3845837 0.397528 0.413759 0.4326949 0.4529031 0.4723578 0.4888494 0.5018744 0.5056281 0.5033679 0.4941258 0.4804982 0.4650835 0.4498628 0.4363507 0.425309 0.4166592 0.4027302 0.3956546 0.387346 0.3764412
0.09872077 0.07356187 0.05997457 0.05606465 0.05526846 0.05468852 0.04380244 0.04412106 0.04375094 0.0425646 0.04074082 0.0387425 0.03697061 0.04201996 0.04446789 0.05127645 0.06545752 0.07690237 0.08936381 0.1016042 0.1124522 0.1211032 0.1279729 0.1324313 0.1420856 0.1484899 0.1649473 0.1961463 0.2127197 0.2295705 0.2451016 0.2578955 0.2671159 0.2741501 0.2798035 0.2848597 0.2942968 0.3107069 0.3370179 0.3582812 0.3804841 0.4024009 0.4226688 0.4398773 0.4571288 0.4642684 0.4679683 0.4688773 0.4664085 0.4602686 0.4528262 0.4454391 0.4395844 0.4361478 0.4349883 0.4292785 0.4266811 0.4202168 0.4059603
0.08517565 0.07176654 0.06247485 0.0532451 0.05338643 0.0544828 0.04434381 0.0449686 0.04431013 0.04225186 0.03901912 0.03496019 0.03149756 0.03349683 0.03514675 0.04184051 0.04999349 0.06724129 0.07958139 0.09068353 0.0992483 0.1044671 0.1067522 0.1068231 0.1121497 0.1229786 0.1343427 0.1494797 0.1853805 0.2029652 0.2166749 0.2248382 0.2281242 0.2244188 0.2201038 0.2224086 0.2344556 0.2557198 0.2833005 0.3205926 0.3497674 0.3763419 0.3991105 0.4213514 0.4334403 0.4409516 0.4443416 0.4461313 0.4470093 0.4463477 0.4442789 0.4429575 0.4439186 0.4481777 0.4499395 0.4588685 0.4641582 0.4598587 0.4434336
0.09293184 0.06347654 0.05135145 0.04439445 0.04646821 0.05111415 0.05896021 0.06113666 0.04456721 0.0414767 0.03627035 0.02983235 0.02354089 0.01977202 0.02373208 0.02998668 0.0424413 0.05497429 0.07022112 0.08098891 0.08667672 0.08919196 0.0887451 0.08455277 0.08249546 0.09299569 0.105988 0.1333115 0.1549467 0.1794798 0.1922612 0.1874853 0.184442 0.1816322 0.1689761 0.1655106 0.1781656 0.2052281 0.2452771 0.2843359 0.3231863 0.355471 0.3868822 0.4075744 0.4216903 0.4298616 0.43371 0.4347624 0.4357319 0.4366481 0.4386176 0.4417013 0.4487001 0.4664441 0.4816636 0.4912139 0.5044481 0.502676 0.4847508
0.08473534 0.05681607 0.03586873 0.0320175 0.03657913 0.04842857 0.05739299 0.06173949 0.0606968 0.04082906 0.03357155 0.02432374 0.01512467 0.009543393 0.00974988 0.01958487 0.03289454 0.04746369 0.06054869 0.06917956 0.07795205 0.07871702 0.07435305 0.06783452 0.0644585 0.06792328 0.08789412 0.1113549 0.1353419 0.1550566 0.1584168 0.1669166 0.1599036 0.1443975 0.1296452 0.1210969 0.1330653 0.1666942 0.2103483 0.2561034 0.3031963 0.3437138 0.3756111 0.4010374 0.4192229 0.4295776 0.4329349 0.4321095 0.4303448 0.4301165 0.4329829 0.4463197 0.458197 0.4759217 0.4996286 0.5255606 0.5419613 0.544286 0.5229721
0.08013213 0.04744758 0.02445511 0.01972506 0.03184593 0.04498605 0.05757894 0.06365857 0.06268957 0.05542291 0.0430563 0.02094191 0.009875945 0.002069025 0.00202103 0.009591257 0.02685312 0.04168317 0.05499541 0.06465711 0.06981376 0.07192551 0.06675205 0.05863465 0.05319457 0.05584371 0.06913915 0.09762766 0.115125 0.1335707 0.1452385 0.1481372 0.1444271 0.1271063 0.1073091 0.09720285 0.1079183 0.1403106 0.1880385 0.239814 0.2863166 0.3281521 0.3649333 0.3969139 0.4183523 0.4329942 0.4369511 0.4333529 0.4279101 0.4252237 0.4327019 0.4419535 0.4578343 0.4810741 0.5104707 0.5394654 0.5661706 0.5702448 0.5464996
0.09312527 0.0509261 0.02575567 0.02114693 0.03393782 0.05393118 0.07039408 0.06821708 0.06685983 0.05875159 0.04535483 0.02978067 0.01034358 0.002337779 0.002416884 0.009735139 0.02063438 0.04049933 0.05296077 0.06189043 0.06666943 0.06696472 0.06308631 0.05755922 0.05284063 0.05549885 0.06703258 0.07943055 0.1084446 0.1251848 0.1360419 0.1392778 0.1342737 0.1209467 0.1058872 0.09725312 0.1069245 0.1372706 0.179068 0.2291182 0.2740484 0.315767 0.3539132 0.3845957 0.4136733 0.4313616 0.4363176 0.4313242 0.4258232 0.4231507 0.4258561 0.435841 0.4532329 0.4781813 0.502713 0.5388064 0.5655313 0.5695935 0.5462449
0.1138658 0.0762617 0.04891633 0.04319165 0.05244253 0.06861415 0.08248053 0.08858798 0.0737663 0.06695508 0.05344363 0.03757176 0.02342791 0.01071232 0.01060612 0.01530269 0.02461839 0.03406331 0.0421514 0.06047729 0.06470569 0.06556759 0.06353072 0.05837112 0.05823014 0.06030361 0.06814145 0.07948373 0.0918221 0.1029037 0.1294662 0.1340478 0.1316257 0.1238568 0.1143273 0.1126255 0.1209574 0.1473124 0.1813201 0.2195405 0.2585178 0.2974533 0.3339389 0.367816 0.3965644 0.4160849 0.4234942 0.4195783 0.4156533 0.4129557 0.4167852 0.4270764 0.4316243 0.4569375 0.4877689 0.5189402 0.5407799 0.5434937 0.5253188
0.1463127 0.1194144 0.09626712 0.07837562 0.08374682 0.09439714 0.1010256 0.1032061 0.1005779 0.08980092 0.0634359 0.05105107 0.03895871 0.03134212 0.02049304 0.02425112 0.03038175 0.03747001 0.0433255 0.04777326 0.06317276 0.06453564 0.06027046 0.06018149 0.06037118 0.06620895 0.0717781 0.08029146 0.08950294 0.09900663 0.1060416 0.1291302 0.1298844 0.1271178 0.1240709 0.1296996 0.1376594 0.1543318 0.1862352 0.2163841 0.2426242 0.2750458 0.3133819 0.3432232 0.3694443 0.3875364 0.3976715 0.3968123 0.3927941 0.3977696 0.4031081 0.4003708 0.4180193 0.4395931 0.4645559 0.4880673 0.503773 0.5069025 0.4923721
0.1935707 0.1670592 0.1478065 0.1341283 0.1222709 0.125269 0.1266594 0.1236716 0.115795 0.1038952 0.08964794 0.065441 0.05547084 0.04519424 0.04340048 0.03310649 0.03649443 0.04097945 0.04454544 0.0473622 0.049338 0.05058791 0.05843988 0.05951635 0.06111032 0.06836121 0.07273198 0.07871409 0.08695657 0.09383504 0.09988865 0.1045998 0.1078397 0.1268266 0.1278814 0.1312171 0.1469281 0.1597561 0.1776243 0.2047495 0.2299299 0.2561236 0.2822468 0.3141552 0.334773 0.3503908 0.3588651 0.3652153 0.366122 0.3630434 0.3703173 0.3828059 0.3998056 0.4197501 0.4392034 0.4560038 0.4666877 0.4706054 0.4601228
0.246105 0.2155327 0.1936002 0.1837187 0.1634695 0.1593376 0.1532575 0.1445096 0.1327323 0.1187646 0.1040518 0.0902305 0.06943077 0.05856929 0.0557021 0.03998123 0.04183934 0.04361733 0.04535144 0.04668452 0.04749853 0.04787532 0.05468943 0.05587606 0.05771667 0.05967183 0.06965613 0.0760195 0.08176568 0.08760924 0.09291536 0.09727891 0.1006599 0.1212784 0.1245963 0.1283501 0.1346072 0.1563369 0.1757414 0.1942025 0.2144421 0.2351448 0.2551654 0.2735989 0.2965078 0.308107 0.3165888 0.3230096 0.3336057 0.3360435 0.3478421 0.3630304 0.3806765 0.3992034 0.4166651 0.4294015 0.44088 0.4416924 0.4352781
0.2869515 0.2538849 0.2411749 0.230784 0.2212855 0.1940701 0.1813188 0.1665194 0.1500209 0.1327499 0.1159965 0.1010924 0.07328562 0.06686449 0.06308534 0.06142595 0.04457925 0.04500748 0.0454308 0.04551276 0.04512189 0.04433741 0.04340782 0.04999095 0.05086292 0.05266812 0.05682872 0.06903104 0.07466351 0.08021735 0.08505519 0.08879936 0.09146934 0.09351012 0.1135423 0.1169852 0.1228825 0.1488989 0.1630371 0.1793756 0.1965002 0.2129252 0.2274685 0.2395569 0.2490001 0.263357 0.270841 0.2799542 0.2909101 0.3056876 0.3231042 0.3424539 0.362567 0.3819481 0.3989994 0.4159752 0.4223845 0.4238521 0.4204453
0.3222284 0.3015396 0.2833811 0.2735193 0.2611882 0.2454705 0.2096292 0.1884699 0.166368 0.1444111 0.1238389 0.1003723 0.08675308 0.06877836 0.06454851 0.06324792 0.06275715 0.04509204 0.04474985 0.04382482 0.04219489 0.03997559 0.03809399 0.03597248 0.04114897 0.04276416 0.04729996 0.05968112 0.06611287 0.07204136 0.07669286 0.07964773 0.08095732 0.08187667 0.08206435 0.09911907 0.1046244 0.1184642 0.1452484 0.1615529 0.1773118 0.1907097 0.2004736 0.2063033 0.2085875 0.2170805 0.222489 0.2287671 0.2462675 0.2731234 0.2973988 0.3225116 0.3471056 0.3698377 0.3893378 0.4080496 0.415911 0.418192 0.4108289
0.3429532 0.3315979 0.3241121 0.3101814 0.296708 0.277522 0.2370108 0.2093143 0.1808705 0.1529332 0.1267616 0.09887728 0.08172839 0.07072213 0.05993284 0.05960925 0.06078615 0.04410924 0.04351976 0.04181201 0.03891147 0.03500322 0.03113913 0.02726356 0.02932243 0.03166569 0.03614947 0.04233183 0.056938 0.06378344 0.06850197 0.0705956 0.07082956 0.06832674 0.06590482 0.07710297 0.0855604 0.09725589 0.1124989 0.1426847 0.158533 0.1699834 0.1756068 0.1746941 0.1699282 0.1658324 0.172756 0.1822971 0.2054575 0.2348839 0.2720909 0.3043552 0.3352392 0.3636902 0.3923553 0.4106607 0.4221331 0.4249485 0.417514
0.3687422 0.3516093 0.3467569 0.3379346 0.3257992 0.305634 0.2779063 0.2456574 0.1932139 0.1584758 0.1251015 0.09540416 0.06954602 0.05648851 0.04909057 0.05194874 0.05364978 0.0559836 0.05554981 0.03982902 0.03642644 0.03061927 0.02396584 0.01788928 0.01513051 0.01877743 0.02474883 0.02971851 0.03746788 0.05626424 0.06122108 0.05726836 0.05572078 0.05537015 0.04987295 0.04951604 0.06175295 0.07569196 0.09002366 0.1079301 0.1418376 0.1521589 0.1416309 0.13762 0.1355018 0.1241884 0.120614 0.1377671 0.1666065 0.2027352 0.2425541 0.2886887 0.3151159 0.3522893 0.3864804 0.4230997 0.4388742 0.4405681 0.4327674
0.378689 0.3647247 0.3580398 0.3559707 0.3457736 0.3258717 0.2965664 0.2608086 0.2205569 0.162214 0.1220256 0.08529101 0.05627127 0.0393716 0.03788811 0.04185256 0.04970213 0.05470245 0.05531976 0.05228038 0.03375362 0.02634485 0.01768951 0.009753225 0.005563036 0.006803419 0.01378429 0.0231697 0.03237498 0.03467932 0.03925513 0.05164295 0.04879996 0.04263004 0.03704011 0.03389411 0.0385409 0.05609478 0.07622276 0.09598921 0.09922516 0.1089623 0.127115 0.119433 0.1046725 0.0910183 0.08617607 0.1021426 0.1348345 0.1777158 0.2236261 0.2588641 0.3045254 0.3548435 0.3976558 0.4345279 0.4598441 0.4637691 0.4508236
0.3855537 0.3667608 0.3610137 0.3603306 0.3549894 0.3376945 0.3095205 0.2724409 0.2294278 0.1825772 0.1340673 0.08020812 0.0460095 0.02843838 0.02777212 0.03695657 0.04788338 0.05526651 0.05663848 0.05265793 0.04420963 0.03238617 0.01416978 0.005332152 0.0004983884 0.001553833 0.007160197 0.01951483 0.02543975 0.03247809 0.03711535 0.03891885 0.04470308 0.03785226 0.03007573 0.02614667 0.03054439 0.0437744 0.06817048 0.07819355 0.09259158 0.1018412 0.1043757 0.1089402 0.09234186 0.07565536 0.06963792 0.08346813 0.1160024 0.1556218 0.2018317 0.2496075 0.2986753 0.3492495 0.4027505 0.4455754 0.4741538 0.4786138 0.4614553
0.395799 0.3741003 0.3629507 0.3610576 0.3568667 0.3438525 0.3192573 0.2819126 0.2391219 0.1915454 0.138976 0.09238357 0.05096677 0.03270798 0.0320478 0.03982934 0.05064961 0.0572777 0.05885528 0.05450001 0.04572781 0.03348887 0.02022545 0.0064351 0.001675139 0.002751587 0.006272351 0.01204607 0.01777981 0.0315519 0.03598751 0.03784208 0.03689208 0.03354004 0.03103289 0.02754957 0.03223851 0.03988927 0.05254493 0.07545358 0.08863129 0.09728782 0.1001147 0.09565465 0.08652995 0.07817584 0.0729776 0.08629929 0.1114101 0.1484275 0.1954569 0.2413141 0.2893875 0.3382315 0.3895468 0.4360761 0.4677157 0.4722445 0.4550786
0.411957 0.3860545 0.3729482 0.3671201 0.3603666 0.3481891 0.3261128 0.2939935 0.2509591 0.2015435 0.1551309 0.111676 0.07184109 0.05264065 0.04960437 0.05073246 0.05839235 0.06262073 0.06212445 0.05749121 0.04884961 0.03787095 0.02623335 0.01039657 0.007229824 0.005820386 0.008951639 0.0138693 0.01860308 0.02273471 0.03564704 0.03756534 0.03737446 0.03542206 0.03220218 0.03389611 0.03664067 0.0443263 0.0544905 0.06511566 0.07453909 0.09332091 0.09687408 0.09584648 0.09107096 0.08563981 0.08700602 0.09650249 0.120475 0.1510474 0.1870602 0.2268893 0.2733661 0.318476 0.3643594 0.40532 0.432916 0.4414996 0.4270198
0.4309273 0.4092766 0.3941919 0.3803676 0.3720667 0.3592963 0.3368479 0.3018771 0.2638231 0.221979 0.1766894 0.1278309 0.09972926 0.08225755 0.06578112 0.06637345 0.06862613 0.07000748 0.06696845 0.06106542 0.05274856 0.04388171 0.02124091 0.01659697 0.01407102 0.01051128 0.01262102 0.01576171 0.01996341 0.02325939 0.02595849 0.02790553 0.03836721 0.03627434 0.03577903 0.03600612 0.04365813 0.04925979 0.05740633 0.06559128 0.07189045 0.07799349 0.09509837 0.09643521 0.09566154 0.09484302 0.101239 0.1098384 0.1258885 0.1543767 0.1809846 0.2130799 0.2482806 0.2915135 0.3275678 0.36021 0.3823322 0.3946429 0.3860129
0.4598874 0.441574 0.4268801 0.4090533 0.3959881 0.3795075 0.3500731 0.3181068 0.2807943 0.2411605 0.2025258 0.1524604 0.1273345 0.09763542 0.08921549 0.08257303 0.08018089 0.07762235 0.07265536 0.06581376 0.05764216 0.04902238 0.02558024 0.02194289 0.01423001 0.01439739 0.01570692 0.01783715 0.02119457 0.02381376 0.02616458 0.02805975 0.02941716 0.03780277 0.03844531 0.03899208 0.04895018 0.0532437 0.05840464 0.06440563 0.07024477 0.07537884 0.07948512 0.09536611 0.09708469 0.09913078 0.1029485 0.116886 0.1295303 0.1516019 0.1735436 0.1985407 0.2257066 0.2539973 0.2864906 0.3098896 0.3262122 0.3320543 0.3385769
