Params/Ksat.asc
ncols         653
nrows         607
xllcorner     103.7045833
yllcorner     22.118750033333
cellsize      0.00083333333333334
NODATA_value  -9999
[rows 336 to 363 of 607, columns 567 to 629 of 653]
1.803158 1.819668 1.836177 1.852687 1.869197 1.885707 1.902216 1.918726 1.935236 1.956896 1.95824 1.95708 1.951695 1.947756 1.938064 1.926856 1.921021 1.909569 1.899309 1.894965 1.888524 1.885553 1.884105 1.883774 1.883833 1.884758 1.885512 1.887533 1.890147 1.891642 1.894941 1.898558 1.900452 1.904738 1.911554 1.915797 1.925402 1.935765 1.940956 1.950807 1.959216 1.965303 1.967201 1.968154 1.964584 1.960631 1.947926 1.930052 1.919637 1.89677 1.872417 1.860144 1.836322 1.814696 1.805167 1.789596 1.779904 1.777529 1.776891 1.780786 1.788072 1.792631 1.802866
1.792599 1.810094 1.82759 1.845086 1.862581 1.880077 1.897573 1.915069 1.932564 1.949992 1.951679 1.951137 1.946287 1.942589 1.933332 1.922509 1.916853 1.905735 1.895792 1.891604 1.885478 1.882837 1.881735 1.88158 1.881984 1.883238 1.884145 1.886442 1.889282 1.890866 1.894287 1.897941 1.899817 1.903976 1.910496 1.914535 1.923647 1.933437 1.938323 1.947554 1.955364 1.960911 1.962574 1.963154 1.959372 1.955365 1.942595 1.924712 1.914316 1.891538 1.867343 1.855176 1.831628 1.810358 1.801039 1.785958 1.776851 1.774859 1.775329 1.78067 1.789603 1.795016 1.806937
1.782039 1.800521 1.819003 1.837484 1.855966 1.874448 1.89293 1.911411 1.929893 1.946176 1.948034 1.947839 1.943338 1.939814 1.930901 1.92041 1.914914 1.904101 1.894437 1.890377 1.884483 1.882037 1.881113 1.88104 1.881595 1.882978 1.88394 1.886327 1.889224 1.890825 1.89425 1.897869 1.899711 1.90376 1.910069 1.913969 1.922753 1.932171 1.936863 1.945707 1.953152 1.958385 1.959918 1.960309 1.956456 1.95246 1.939779 1.922068 1.911783 1.88927 1.865385 1.853386 1.830189 1.80928 1.800141 1.78541 1.776626 1.774805 1.77571 1.781574 1.791073 1.796773 1.809243
1.773594 1.792446 1.811298 1.83015 1.849002 1.867854 1.886706 1.905557 1.924409 1.927926 1.923981 1.920036 1.916092 1.912147 1.908203 1.904258 1.900314 1.896369 1.892425 1.88848 1.884536 1.881711 1.881145 1.881224 1.882026 1.883582 1.884603 1.887054 1.889942 1.891512 1.894822 1.898255 1.899978 1.903709 1.909467 1.913015 1.92098 1.929484 1.933706 1.941623 1.948217 1.952742 1.953995 1.954019 1.950112 1.946223 1.934006 1.917035 1.907202 1.885718 1.862972 1.851564 1.829547 1.809762 1.801144 1.787329 1.77924 1.777702 1.779169 1.785572 1.795563 1.801483 1.81433
1.77022 1.787965 1.805709 1.823454 1.841199 1.858943 1.876688 1.894433 1.912177 1.916306 1.913812 1.911318 1.908823 1.906329 1.903834 1.90134 1.898845 1.896351 1.893857 1.891362 1.888868 1.883871 1.883748 1.883996 1.885036 1.886702 1.887733 1.890117 1.89283 1.894274 1.897259 1.900277 1.901762 1.904909 1.909716 1.912665 1.91926 1.926258 1.92971 1.936124 1.94136 1.944784 1.94562 1.945141 1.94127 1.937647 1.926466 1.91108 1.9022 1.882845 1.862407 1.852171 1.832446 1.814759 1.807069 1.794778 1.787644 1.786358 1.788007 1.794227 1.803749 1.809352 1.821449
1.766847 1.783484 1.800121 1.816759 1.833396 1.850033 1.86667 1.883308 1.899945 1.904687 1.903643 1.902599 1.901554 1.90051 1.899466 1.898422 1.897377 1.896333 1.895289 1.894244 1.8932 1.886 1.886154 1.886505 1.887683 1.8894 1.890426 1.89274 1.89531 1.896655 1.899395 1.902106 1.903415 1.906138 1.910263 1.912785 1.918406 1.924335 1.927241 1.932594 1.936872 1.939522 1.940065 1.939239 1.935404 1.931978 1.921561 1.907339 1.899157 1.881362 1.862605 1.853222 1.835156 1.818973 1.811942 1.800715 1.794212 1.793063 1.794704 1.800603 1.809568 1.814828 1.826155
1.763474 1.779004 1.794533 1.810063 1.825593 1.841123 1.856653 1.872183 1.887713 1.893068 1.893474 1.89388 1.894286 1.894691 1.895097 1.895503 1.895909 1.896315 1.896721 1.897126 1.897532 1.891921 1.892711 1.893292 1.894765 1.896566 1.897558 1.899663 1.901845 1.902933 1.905042 1.906975 1.907845 1.909513 1.911957 1.913432 1.916665 1.919976 1.921549 1.924308 1.926251 1.927021 1.926855 1.925196 1.92147 1.918537 1.910031 1.898721 1.892281 1.878371 1.863801 1.856536 1.842583 1.830114 1.824704 1.816069 1.811063 1.810202 1.811663 1.816551 1.823884 1.828161 1.837321
1.7601 1.774523 1.788945 1.803368 1.81779 1.832213 1.846635 1.861058 1.87548 1.881449 1.883305 1.885161 1.887017 1.888873 1.890729 1.892585 1.894441 1.896297 1.898153 1.900009 1.901865 1.89948 1.900978 1.901807 1.903574 1.905417 1.906341 1.908144 1.909817 1.910579 1.911903 1.912891 1.913234 1.913652 1.914124 1.914373 1.914816 1.915077 1.915098 1.91484 1.914075 1.91267 1.911688 1.909081 1.905509 1.90317 1.896948 1.889105 1.884739 1.875446 1.865843 1.861088 1.852001 1.843914 1.840409 1.834804 1.831509 1.830945 1.832055 1.835558 1.840742 1.843741 1.85011
1.756727 1.770042 1.783357 1.796672 1.809988 1.823303 1.836618 1.849933 1.863248 1.86983 1.873136 1.876442 1.879748 1.883054 1.88636 1.889666 1.892972 1.896279 1.899585 1.902891 1.906197 1.903658 1.905522 1.906475 1.908379 1.910222 1.911098 1.912715 1.914093 1.914671 1.915558 1.916029 1.916087 1.915836 1.915261 1.914861 1.913829 1.912478 1.91168 1.909833 1.907642 1.905096 1.903686 1.900589 1.897111 1.895093 1.890101 1.884118 1.880864 1.874045 1.867099 1.863687 1.857201 1.851452 1.848961 1.844966 1.842573 1.842156 1.843043 1.845758 1.849736 1.852024 1.856844
1.753354 1.765561 1.777769 1.789977 1.802185 1.814393 1.8266 1.838808 1.851016 1.858211 1.862967 1.867723 1.872479 1.877236 1.881992 1.886748 1.891504 1.89626 1.901017 1.905773 1.910529 1.912374 1.914966 1.916156 1.918297 1.920085 1.920833 1.922012 1.922731 1.922905 1.922856 1.922241 1.921708 1.920093 1.917398 1.915687 1.911682 1.90709 1.904647 1.899609 1.894563 1.889739 1.887482 1.883423 1.880164 1.878813 1.876346 1.874176 1.873196 1.871433 1.869919 1.869248 1.868067 1.867084 1.86666 1.865936 1.865361 1.86523 1.865614 1.866649 1.868087 1.868879 1.870452
1.74998 1.761081 1.772181 1.783282 1.794382 1.805482 1.816583 1.827683 1.838784 1.846592 1.852798 1.859004 1.865211 1.871417 1.877623 1.88383 1.890036 1.896242 1.902449 1.908655 1.914861 1.920992 1.924268 1.925664 1.927966 1.929613 1.930188 1.930839 1.93082 1.930557 1.92952 1.927799 1.92668 1.923741 1.919024 1.916067 1.909244 1.901591 1.897596 1.889558 1.881836 1.87489 1.871851 1.866929 1.863929 1.863241 1.863249 1.864794 1.866026 1.869176 1.872928 1.874914 1.878872 1.8825 1.884073 1.886506 1.887676 1.887809 1.887655 1.886994 1.885887 1.885187 1.883532
1.746607 1.7566 1.766593 1.776586 1.786579 1.796572 1.806565 1.816558 1.826551 1.834973 1.842629 1.850285 1.857942 1.865598 1.873255 1.880911 1.888568 1.896224 1.90388 1.911537 1.919193 1.925048 1.928635 1.930116 1.932461 1.933998 1.934468 1.934823 1.934409 1.933919 1.932384 1.930121 1.928721 1.925166 1.919522 1.915997 1.907894 1.898853 1.894158 1.884766 1.875843 1.867952 1.864568 1.859276 1.856421 1.856049 1.857224 1.860508 1.862774 1.868215 1.874422 1.877646 1.883995 1.889768 1.892269 1.896169 1.898147 1.8984 1.897982 1.89651 1.894195 1.892788 1.889605
1.743234 1.752119 1.761005 1.769891 1.778776 1.787662 1.796548 1.805433 1.814319 1.823353 1.83246 1.841567 1.850673 1.85978 1.868886 1.877993 1.887099 1.896206 1.905313 1.914419 1.923526 1.932217 1.936337 1.93794 1.940275 1.941504 1.941725 1.941423 1.940183 1.939232 1.936712 1.933424 1.931512 1.926875 1.919642 1.915152 1.904882 1.893509 1.887638 1.875989 1.865076 1.855635 1.851697 1.845846 1.843307 1.843514 1.846773 1.853136 1.857225 1.866702 1.877225 1.882622 1.893169 1.902704 1.906833 1.913303 1.9167 1.91716 1.916259 1.913331 1.908853 1.906182 1.900277
1.73986 1.747639 1.755417 1.763195 1.770974 1.778752 1.78653 1.794309 1.802087 1.811734 1.822291 1.832848 1.843404 1.853961 1.864518 1.875074 1.885631 1.896188 1.906744 1.917301 1.927858 1.937553 1.942046 1.943692 1.945865 1.946653 1.946569 1.945524 1.943419 1.94201 1.938559 1.934372 1.932044 1.926604 1.918267 1.913119 1.901397 1.888482 1.881844 1.868738 1.856568 1.846186 1.841932 1.835829 1.833643 1.834321 1.83919 1.847883 1.853339 1.86583 1.879562 1.886571 1.90023 1.912549 1.917883 1.926257 1.93071 1.931324 1.930046 1.925999 1.91987 1.916238 1.90827
1.736487 1.743158 1.749829 1.7565 1.763171 1.769842 1.776513 1.783184 1.789855 1.800115 1.812122 1.824129 1.836136 1.848142 1.860149 1.872156 1.884163 1.89617 1.908176 1.920183 1.93219 1.939316 1.943922 1.945554 1.947579 1.948091 1.947831 1.946384 1.943838 1.942205 1.938321 1.933751 1.931262 1.925555 1.916895 1.911565 1.899453 1.886142 1.879311 1.865853 1.8534 1.842832 1.83853 1.832444 1.830447 1.831308 1.836752 1.846245 1.852166 1.86567 1.880474 1.888019 1.902711 1.915953 1.921687 1.930694 1.935502 1.936169 1.93476 1.930326 1.923627 1.919665 1.910992
1.733874 1.739638 1.745369 1.751068 1.756735 1.76237 1.767974 1.773547 1.779088 1.789642 1.802643 1.815645 1.828646 1.841647 1.854649 1.86765 1.880652 1.893653 1.906654 1.919656 1.932657 1.934218 1.932918 1.931618 1.930318 1.929018 1.927718 1.926418 1.925117 1.923818 1.922518 1.921217 1.919917 1.921286 1.912539 1.907196 1.895118 1.881913 1.875161 1.861907 1.849712 1.839453 1.835322 1.829606 1.828012 1.829103 1.835133 1.845337 1.851649 1.865974 1.88162 1.88958 1.905061 1.919006 1.925045 1.934542 1.939645 1.940363 1.938839 1.934062 1.926865 1.922618 1.91335
1.73231 1.737448 1.742477 1.747402 1.752226 1.756951 1.761581 1.766119 1.770566 1.780944 1.794234 1.807524 1.820814 1.834104 1.847394 1.860684 1.873974 1.887264 1.900554 1.913844 1.927134 1.928322 1.926484 1.924646 1.922808 1.92097 1.919132 1.917294 1.915456 1.913618 1.91178 1.909942 1.908104 1.913734 1.905687 1.900842 1.889988 1.878223 1.872238 1.860543 1.849853 1.840935 1.83738 1.832559 1.831427 1.832566 1.838374 1.848013 1.853939 1.86735 1.881958 1.889382 1.903813 1.91681 1.922441 1.931311 1.936114 1.936805 1.935378 1.930871 1.924088 1.920092 1.911394
1.730532 1.734998 1.739295 1.743432 1.747418 1.751261 1.754969 1.758548 1.762005 1.772246 1.785824 1.799403 1.812982 1.82656 1.840139 1.853717 1.867296 1.880875 1.894453 1.908032 1.92161 1.922426 1.92005 1.917673 1.915298 1.912922 1.910546 1.90817 1.905794 1.903418 1.901042 1.898666 1.89629 1.903202 1.89652 1.892613 1.884024 1.874873 1.870264 1.861336 1.853265 1.846621 1.844012 1.840572 1.839979 1.841015 1.845927 1.853919 1.858803 1.86982 1.881791 1.887868 1.899677 1.910316 1.91493 1.92222 1.926214 1.92681 1.925645 1.921909 1.916288 1.912986 1.905827
1.728492 1.732241 1.735777 1.739119 1.742282 1.74528 1.748126 1.75083 1.753404 1.763548 1.777415 1.791282 1.80515 1.819017 1.832884 1.846751 1.860618 1.874485 1.888353 1.90222 1.916087 1.916529 1.913615 1.910702 1.907788 1.904874 1.90196 1.899046 1.896132 1.893218 1.890304 1.88739 1.884476 1.897014 1.891222 1.887921 1.880785 1.873303 1.86957 1.862396 1.855978 1.850757 1.848733 1.846133 1.845832 1.846771 1.851029 1.857864 1.862026 1.871392 1.881552 1.886707 1.896721 1.905747 1.909666 1.91587 1.919302 1.919829 1.918843 1.915641 1.910828 1.908007 1.90191
1.726127 1.729113 1.731867 1.734417 1.736783 1.738985 1.74104 1.742961 1.744762 1.75485 1.769006 1.783162 1.797317 1.811473 1.825629 1.839785 1.853941 1.868096 1.882252 1.896408 1.910564 1.910633 1.907181 1.903729 1.900277 1.896826 1.893374 1.889922 1.88647 1.883018 1.879566 1.876114 1.872662 1.883183 1.879505 1.877632 1.873907 1.87033 1.868641 1.865554 1.862974 1.861043 1.860366 1.859679 1.86 1.860674 1.863299 1.867305 1.869706 1.875062 1.880833 1.883754 1.889425 1.894546 1.89678 1.900351 1.902407 1.902756 1.902195 1.900288 1.897434 1.895776 1.89225
1.723354 1.725535 1.727496 1.729269 1.73088 1.732351 1.733698 1.734937 1.73608 1.746152 1.760597 1.775041 1.789485 1.80393 1.818374 1.832818 1.847263 1.861707 1.876152 1.890596 1.90504 1.904737 1.900747 1.896757 1.892768 1.888778 1.884788 1.880798 1.876808 1.872818 1.868828 1.864838 1.860848 1.867935 1.866703 1.866469 1.866646 1.867519 1.868157 1.869711 1.871477 1.87326 1.874097 1.875542 1.876519 1.876859 1.877545 1.878229 1.878569 1.879237 1.879886 1.8802 1.880804 1.881367 1.881632 1.882121 1.882552 1.882683 1.8826 1.882187 1.881601 1.881293 1.880744
1.726983 1.726012 1.726551 1.72361 1.724528 1.725348 1.726086 1.726752 1.727357 1.737454 1.752187 1.76692 1.781653 1.796386 1.811119 1.825852 1.840585 1.855318 1.870051 1.884784 1.899517 1.898841 1.894313 1.889785 1.885257 1.88073 1.876202 1.871674 1.867146 1.862618 1.85809 1.853562 1.849034 1.859974 1.860048 1.860685 1.862928 1.866153 1.868018 1.872018 1.876072 1.879807 1.881439 1.883999 1.885312 1.885471 1.885117 1.884029 1.883269 1.881441 1.879361 1.878287 1.876191 1.874326 1.873541 1.872384 1.87194 1.871951 1.872112 1.872483 1.873093 1.873497 1.87452
1.72356 1.722122 1.722269 1.71736 1.717673 1.717947 1.718188 1.718402 1.718593 1.728756 1.743778 1.7588 1.773821 1.788843 1.803864 1.818886 1.833907 1.848929 1.86395 1.878972 1.893993 1.892945 1.887879 1.882813 1.877747 1.872682 1.867616 1.86255 1.857484 1.852418 1.847352 1.842286 1.83722 1.84377 1.846539 1.848962 1.855432 1.863454 1.86782 1.876802 1.885509 1.893211 1.896457 1.90128 1.90327 1.903055 1.900576 1.895866 1.892862 1.885933 1.878279 1.874368 1.866754 1.859921 1.856985 1.852451 1.850204 1.849955 1.850585 1.852526 1.855542 1.85738 1.86157
1.720157 1.718336 1.718176 1.71042 1.710253 1.710111 1.709988 1.709881 1.709787 1.720059 1.735369 1.750679 1.765989 1.781299 1.796609 1.811919 1.827229 1.84254 1.85785 1.87316 1.88847 1.887049 1.881445 1.875841 1.870237 1.864634 1.85903 1.853426 1.847822 1.842218 1.836614 1.83101 1.825407 1.82771 1.833173 1.837366 1.848004 1.860741 1.86756 1.881423 1.894687 1.90627 1.911095 1.918134 1.920794 1.92022 1.915677 1.907438 1.902245 1.890341 1.877245 1.870562 1.857554 1.845857 1.840813 1.832959 1.828918 1.828395 1.829433 1.832842 1.838136 1.841336 1.848541
1.7167 1.714576 1.714193 1.70267 1.702194 1.701801 1.701469 1.701185 1.70094 1.711361 1.726959 1.742558 1.758157 1.773756 1.789354 1.804953 1.820552 1.83615 1.851749 1.867348 1.882947 1.881153 1.875011 1.868869 1.862727 1.856586 1.850444 1.844302 1.83816 1.832018 1.825876 1.819735 1.813593 1.81993 1.826697 1.831741 1.844372 1.859358 1.867344 1.883529 1.898957 1.912386 1.917962 1.926059 1.929046 1.928308 1.9228 1.912906 1.906685 1.89244 1.876781 1.868792 1.853239 1.839244 1.833202 1.823771 1.818869 1.818208 1.819412 1.823482 1.829811 1.833634 1.842217
1.713223 1.710896 1.710381 1.693959 1.693412 1.692973 1.692611 1.692308 1.692051 1.702663 1.71855 1.734437 1.750325 1.766212 1.782099 1.797987 1.813874 1.829761 1.845649 1.861536 1.877423 1.875257 1.868577 1.861897 1.855217 1.848538 1.841858 1.835178 1.828498 1.821818 1.815139 1.808459 1.801779 1.805259 1.814468 1.821086 1.837387 1.856491 1.866614 1.887039 1.906421 1.923221 1.930173 1.940216 1.943831 1.942817 1.93561 1.922769 1.914713 1.896281 1.876027 1.865694 1.845568 1.827433 1.819589 1.807301 1.800816 1.79988 1.801313 1.806477 1.814562 1.819447 1.830393
1.715931 1.712541 1.711047 1.684097 1.683804 1.683577 1.683394 1.683244 1.683119 1.693965 1.710141 1.726317 1.742493 1.758669 1.774844 1.79102 1.807196 1.823372 1.839548 1.855724 1.8719 1.869361 1.862143 1.854925 1.847707 1.84049 1.833272 1.826054 1.818836 1.811618 1.804401 1.797183 1.789965 1.792294 1.803612 1.811559 1.830922 1.853433 1.865316 1.889228 1.911859 1.931437 1.939527 1.951204 1.955399 1.954203 1.945725 1.93062 1.921141 1.899448 1.8756 1.863426 1.839698 1.818285 1.809006 1.79442 1.786622 1.785424 1.78691 1.79277 1.802044 1.807661 1.820255
1.719732 1.715186 1.712613 1.682268 1.681196 1.68036 1.679691 1.679142 1.678684 1.689453 1.705564 1.721559 1.73744 1.753207 1.768863 1.784409 1.799845 1.815172 1.830393 1.845507 1.860517 1.857874 1.850834 1.843794 1.836755 1.829715 1.822675 1.815635 1.808595 1.801555 1.794515 1.787475 1.780436 1.786647 1.798852 1.807343 1.827941 1.85181 1.864391 1.889682 1.913597 1.934278 1.942824 1.955167 1.959627 1.958388 1.94948 1.933572 1.923581 1.900706 1.875543 1.862692 1.837633 1.814999 1.805181 1.78972 1.781399 1.780079 1.78151 1.787531 1.797131 1.802959 1.816039
