Params/Ksat.asc
ncols         653
nrows         607
xllcorner     103.7045833
yllcorner     22.118750033333
cellsize      0.00083333333333334
NODATA_value  -9999
[rows 196 to 223 of 607, columns 63 to 125 of 653]
1.906328 1.904887 1.899232 1.887917 1.88007 1.86089 1.838251 1.826081 1.800929 1.775885 1.76385 1.741645 1.723116 1.715676 1.705338 1.700156 1.698829 1.698481 1.700914 1.703064 1.709007 1.716848 1.726236 1.731399 1.742442 1.754149 1.76014 1.775031 1.794661 1.805794 1.829777 1.854826 1.86729 1.891181 1.912463 1.921666 1.936279 1.944609 1.945958 1.942843 1.933092 1.918012 1.908881 1.888254 1.865562 1.853849 1.830508 1.808366 1.798153 1.780258 1.766234 1.759716 1.747161 1.735294 1.729636 1.718908 1.709011 1.704391 1.695845 1.688271 1.681726 1.678856 1.674046
1.906048 1.905391 1.900376 1.889611 1.882037 1.863388 1.841251 1.829317 1.804604 1.779941 1.768071 1.746138 1.727795 1.720411 1.710105 1.704833 1.703415 1.702803 1.704881 1.706823 1.712306 1.71964 1.728493 1.733384 1.743886 1.755069 1.760811 1.775124 1.794032 1.804766 1.827914 1.852121 1.86418 1.887323 1.907989 1.916951 1.93125 1.939535 1.940981 1.938369 1.929508 1.915611 1.907152 1.887973 1.866788 1.855823 1.833904 1.81301 1.803327 1.786245 1.772644 1.766213 1.75363 1.741515 1.735669 1.724473 1.714032 1.709131 1.700038 1.691989 1.685097 1.682121 1.677252
1.902227 1.903247 1.899814 1.890749 1.88414 1.867586 1.847675 1.836869 1.814373 1.791789 1.780872 1.760605 1.743519 1.736577 1.726712 1.721298 1.719623 1.718174 1.719037 1.720253 1.724085 1.729565 1.736427 1.740293 1.748729 1.757883 1.762646 1.774704 1.790825 1.800026 1.819945 1.840865 1.851317 1.87144 1.8895 1.897374 1.910043 1.917585 1.919052 1.9174 1.910606 1.899639 1.892894 1.877487 1.860332 1.851401 1.833442 1.816158 1.808073 1.793621 1.781768 1.775988 1.764374 1.752851 1.747185 1.736166 1.72573 1.720791 1.711594 1.703469 1.696612 1.69372 1.689181
1.89478 1.897571 1.896036 1.889308 1.884119 1.87078 1.854418 1.84545 1.82663 1.807557 1.798272 1.780895 1.766034 1.759893 1.750882 1.745369 1.743362 1.740744 1.739855 1.740007 1.741405 1.744125 1.748004 1.750328 1.755643 1.761712 1.764979 1.7736 1.785496 1.792373 1.807393 1.823306 1.8313 1.846767 1.860745 1.866879 1.876841 1.882934 1.884232 1.88348 1.879045 1.871596 1.86695 1.856233 1.844173 1.837849 1.825029 1.812538 1.806625 1.795882 1.786753 1.782146 1.772628 1.762901 1.758033 1.748435 1.73922 1.734829 1.72663 1.719404 1.713387 1.710906 1.707179
1.889968 1.893661 1.893159 1.887781 1.883431 1.872021 1.857816 1.849972 1.833414 1.816514 1.808241 1.792666 1.7792 1.773565 1.765103 1.759555 1.75736 1.754066 1.752147 1.751672 1.751629 1.75271 1.754816 1.756221 1.759674 1.7639 1.766271 1.77284 1.782213 1.787705 1.799802 1.812723 1.819246 1.83192 1.843439 1.848518 1.856818 1.861984 1.863143 1.862818 1.859638 1.854104 1.850612 1.842491 1.833272 1.828408 1.818486 1.808722 1.804057 1.795473 1.787988 1.784121 1.775985 1.767516 1.763232 1.754719 1.746481 1.742542 1.735174 1.728689 1.723332 1.721153 1.717971
1.87871 1.884206 1.885867 1.88343 1.880938 1.873835 1.864481 1.859176 1.847739 1.835775 1.829809 1.818344 1.808074 1.803602 1.796414 1.790825 1.788228 1.783454 1.779269 1.777409 1.774177 1.771628 1.769797 1.769162 1.768479 1.768607 1.768987 1.770994 1.774771 1.777186 1.782794 1.789072 1.792325 1.798782 1.80481 1.807525 1.812083 1.815109 1.815912 1.816399 1.81581 1.814298 1.813242 1.810625 1.80746 1.80572 1.802016 1.798142 1.796188 1.79234 1.788539 1.786371 1.781487 1.776068 1.773232 1.767451 1.761725 1.758956 1.753753 1.749193 1.745512 1.744075 1.742174
1.865996 1.873242 1.877107 1.877778 1.877273 1.874813 1.870724 1.868182 1.862334 1.855772 1.852336 1.845387 1.838636 1.83545 1.829685 1.824085 1.821071 1.814733 1.808136 1.804797 1.798157 1.79172 1.785673 1.782853 1.777737 1.773473 1.771719 1.768842 1.766634 1.76576 1.764428 1.763599 1.763352 1.763149 1.763282 1.763453 1.763963 1.76464 1.765021 1.766264 1.768286 1.77088 1.772324 1.775379 1.778479 1.779981 1.782755 1.785049 1.78595 1.78713 1.787316 1.787028 1.78581 1.78391 1.782768 1.780226 1.777514 1.776158 1.773575 1.771333 1.769637 1.769059 1.768582
1.859365 1.867448 1.872396 1.874622 1.87512 1.87501 1.873594 1.872458 1.869456 1.865648 1.863504 1.858862 1.853913 1.851387 1.846355 1.840759 1.837539 1.830419 1.822609 1.818526 1.81017 1.801775 1.793603 1.789682 1.782333 1.775859 1.773031 1.767699 1.762483 1.759956 1.75514 1.75074 1.748734 1.745184 1.742352 1.741242 1.73971 1.739196 1.739358 1.740957 1.744258 1.748874 1.751553 1.757413 1.763618 1.766728 1.772722 1.778092 1.780422 1.784127 1.786336 1.787012 1.787694 1.787636 1.787387 1.786563 1.785458 1.784857 1.783672 1.782664 1.782016 1.781883 1.782129
1.846096 1.85574 1.862748 1.867972 1.870411 1.874863 1.878646 1.880247 1.882794 1.884361 1.884739 1.884605 1.883183 1.88195 1.878363 1.872792 1.869179 1.860556 1.850407 1.844887 1.833215 1.821037 1.808761 1.802714 1.791056 1.78032 1.775425 1.765371 1.754374 1.748671 1.737157 1.725897 1.720512 1.71053 1.702 1.698428 1.692972 1.690164 1.689903 1.692175 1.697911 1.706384 1.711421 1.72264 1.734783 1.740975 1.753143 1.764422 1.769501 1.778084 1.784229 1.786796 1.791231 1.794842 1.79638 1.799002 1.80113 1.802049 1.803681 1.805145 1.806575 1.807317 1.808947
1.833542 1.844547 1.853383 1.861295 1.865481 1.87405 1.882533 1.886612 1.894184 1.900626 1.903292 1.907254 1.90904 1.908987 1.906726 1.901198 1.89724 1.887277 1.875034 1.868227 1.853583 1.838015 1.822066 1.814118 1.798614 1.784084 1.777354 1.763114 1.746997 1.738483 1.721042 1.703714 1.695341 1.679676 1.666115 1.660372 1.651461 1.646644 1.64602 1.648913 1.656829 1.668744 1.675882 1.691877 1.709314 1.718253 1.735932 1.752495 1.760037 1.773006 1.782717 1.787012 1.794899 1.801911 1.805112 1.810951 1.816101 1.81844 1.822695 1.826445 1.829766 1.831289 1.834105
1.82257 1.83468 1.845 1.855102 1.860712 1.872639 1.88496 1.891062 1.902741 1.913168 1.917707 1.925024 1.929445 1.930363 1.929205 1.923731 1.9195 1.908459 1.894524 1.886677 1.869629 1.851325 1.832418 1.822943 1.804359 1.786808 1.778625 1.76108 1.740923 1.730193 1.708085 1.685984 1.675265 1.655141 1.637645 1.63021 1.61862 1.612277 1.611401 1.614864 1.624597 1.639338 1.648192 1.66808 1.689822 1.700994 1.723153 1.744013 1.753561 1.770107 1.782745 1.788468 1.799223 1.809073 1.813666 1.822197 1.829871 1.833393 1.839819 1.845436 1.850264 1.852388 1.856058
1.81795 1.830496 1.841395 1.852345 1.858506 1.87173 1.885533 1.892416 1.905679 1.917646 1.922908 1.931522 1.936964 1.938261 1.937538 1.932093 1.92776 1.916309 1.901729 1.893483 1.875519 1.856173 1.836143 1.826092 1.80635 1.787673 1.778953 1.760193 1.738554 1.727011 1.703194 1.67935 1.667774 1.64603 1.627111 1.619068 1.606528 1.599665 1.598719 1.602449 1.61292 1.62878 1.638308 1.659717 1.683134 1.695174 1.71907 1.741596 1.751922 1.769856 1.783633 1.789914 1.801794 1.812761 1.817901 1.827489 1.83615 1.840132 1.847393 1.853714 1.859089 1.86142 1.86535
1.810981 1.824132 1.835798 1.847833 1.854691 1.86955 1.885211 1.893074 1.908323 1.922217 1.928386 1.938631 1.945363 1.947142 1.946987 1.941604 1.937152 1.925203 1.909827 1.901092 1.882003 1.861387 1.840006 1.829266 1.808163 1.788196 1.778875 1.758773 1.735505 1.723073 1.697392 1.671661 1.659165 1.635694 1.615288 1.606624 1.593151 1.585859 1.584921 1.589147 1.600685 1.61807 1.628498 1.651909 1.677509 1.690671 1.716808 1.741473 1.752796 1.772508 1.787747 1.794748 1.808084 1.820494 1.826339 1.83728 1.847185 1.851735 1.860005 1.867128 1.873062 1.875568 1.879599
1.806743 1.820064 1.831907 1.844168 1.851169 1.866359 1.882398 1.890459 1.90611 1.920397 1.926752 1.937333 1.944338 1.946223 1.946204 1.94083 1.936336 1.924227 1.908619 1.899751 1.880379 1.85949 1.837874 1.827042 1.805823 1.78586 1.776597 1.756701 1.733734 1.721484 1.696219 1.670962 1.658721 1.635785 1.615936 1.607554 1.594645 1.587903 1.587229 1.592006 1.604143 1.622161 1.632913 1.656978 1.683226 1.696705 1.723453 1.748685 1.76027 1.780455 1.796102 1.803315 1.817091 1.829941 1.835997 1.847322 1.85754 1.862212 1.870634 1.877768 1.883542 1.885896 1.889433
1.805302 1.818542 1.830273 1.842372 1.849272 1.864234 1.880015 1.887942 1.903324 1.917351 1.923586 1.933951 1.940788 1.942611 1.942524 1.937123 1.932619 1.920504 1.904917 1.896072 1.87678 1.856022 1.834601 1.823893 1.802982 1.783415 1.774387 1.755092 1.732906 1.721098 1.696795 1.672561 1.66084 1.638931 1.620052 1.612119 1.600007 1.593885 1.593441 1.59854 1.610855 1.628931 1.639675 1.663663 1.689773 1.703168 1.72973 1.754773 1.76627 1.786306 1.801855 1.809031 1.822748 1.835546 1.841573 1.852832 1.862958 1.867569 1.875835 1.882754 1.88824 1.890419 1.893519
1.803539 1.816345 1.827517 1.838843 1.845261 1.85911 1.873645 1.88092 1.894988 1.907749 1.913389 1.922694 1.928698 1.930213 1.929772 1.924281 1.919785 1.907802 1.892505 1.883868 1.865125 1.8451 1.824604 1.814433 1.794754 1.776635 1.768414 1.751132 1.731529 1.721178 1.700017 1.679097 1.669048 1.650413 1.634581 1.628037 1.618333 1.613994 1.614157 1.619946 1.632387 1.650125 1.660556 1.683694 1.708736 1.721547 1.7469 1.770765 1.781715 1.800803 1.815648 1.822514 1.835652 1.847903 1.853661 1.864372 1.873916 1.878215 1.885799 1.891936 1.896514 1.898184 1.900105
1.802952 1.815037 1.825304 1.835386 1.841026 1.853079 1.865597 1.871819 1.883762 1.894474 1.899155 1.906746 1.911406 1.912426 1.911419 1.905819 1.901377 1.88971 1.875007 1.866769 1.849025 1.830262 1.811287 1.801972 1.784192 1.768217 1.761159 1.746727 1.730755 1.722442 1.70566 1.689338 1.681599 1.667464 1.655787 1.65112 1.644628 1.642592 1.643495 1.649979 1.662257 1.679128 1.68891 1.710416 1.733512 1.74528 1.768505 1.790315 1.800313 1.817747 1.831342 1.837648 1.849727 1.860978 1.866249 1.875996 1.884563 1.888361 1.894899 1.899907 1.903247 1.904247 1.904673
1.802981 1.814626 1.824347 1.833679 1.838849 1.849818 1.861119 1.866704 1.877364 1.886839 1.890942 1.897499 1.901353 1.902076 1.900735 1.895088 1.890691 1.87925 1.864946 1.85697 1.839868 1.8219 1.803865 1.795071 1.778433 1.763725 1.757344 1.74456 1.730678 1.723535 1.709263 1.695568 1.689146 1.677572 1.668249 1.664641 1.659951 1.659185 1.660484 1.667296 1.67939 1.695659 1.705012 1.725466 1.747324 1.758435 1.780324 1.800849 1.810254 1.826656 1.839471 1.845427 1.856847 1.867479 1.872451 1.88161 1.889593 1.893094 1.89902 1.90338 1.906018 1.906642 1.906239
1.803446 1.814115 1.822625 1.830299 1.834429 1.842995 1.851598 1.855773 1.863593 1.870332 1.873156 1.877437 1.879519 1.879597 1.877545 1.871839 1.867577 1.856719 1.843392 1.836044 1.820461 1.804341 1.788455 1.780842 1.766757 1.754837 1.749931 1.740705 1.731314 1.72668 1.717777 1.709689 1.706073 1.699942 1.695605 1.694232 1.693321 1.695183 1.697277 1.704663 1.716198 1.730985 1.739318 1.7573 1.776291 1.785884 1.804705 1.822291 1.83034 1.84439 1.855431 1.860596 1.870535 1.879794 1.884109 1.891988 1.898708 1.901573 1.906194 1.909178 1.910332 1.910163 1.908008
1.804138 1.813775 1.821016 1.82695 1.829987 1.836026 1.841789 1.844482 1.849316 1.853186 1.854674 1.85658 1.856832 1.856252 1.853506 1.847825 1.843763 1.833657 1.821516 1.814911 1.801092 1.78707 1.773576 1.767256 1.755929 1.746962 1.743592 1.73803 1.733229 1.731149 1.727695 1.725277 1.724491 1.723832 1.724483 1.725333 1.728154 1.73256 1.73539 1.743182 1.75392 1.766934 1.774086 1.789258 1.805032 1.812935 1.828353 1.842697 1.849257 1.860732 1.869844 1.874161 1.88254 1.890381 1.894027 1.900621 1.906089 1.908327 1.911665 1.913289 1.912963 1.911996 1.908059
1.80445 1.813581 1.820201 1.825283 1.827783 1.832581 1.836951 1.838916 1.842287 1.844753 1.845588 1.846341 1.845712 1.844821 1.841764 1.836138 1.832203 1.822534 1.811053 1.804854 1.791983 1.779067 1.766816 1.761161 1.751232 1.743735 1.74112 1.737338 1.734751 1.733898 1.733054 1.733343 1.733903 1.735841 1.738848 1.740744 1.745307 1.750876 1.754029 1.761938 1.772195 1.784244 1.790767 1.804464 1.818564 1.825592 1.839257 1.851938 1.857737 1.867901 1.876039 1.879935 1.887553 1.89472 1.898053 1.904054 1.908951 1.910905 1.913657 1.914652 1.91363 1.912281 1.907479
1.804771 1.812963 1.818439 1.821952 1.82346 1.825962 1.827753 1.828372 1.829042 1.828926 1.828564 1.827215 1.825007 1.823572 1.820019 1.814617 1.810996 1.802319 1.792269 1.78693 1.776033 1.76538 1.755618 1.751274 1.744065 1.739365 1.738159 1.737653 1.739093 1.740459 1.744318 1.749456 1.752421 1.758976 1.766144 1.769873 1.777458 1.784986 1.788646 1.796578 1.80572 1.815738 1.820973 1.831683 1.84244 1.847731 1.857933 1.867349 1.871659 1.879274 1.885545 1.888653 1.894888 1.900877 1.90368 1.908697 1.912665 1.914154 1.915942 1.915875 1.913631 1.911592 1.905179
1.80437 1.8118 1.816361 1.818612 1.819318 1.819957 1.819656 1.819187 1.817676 1.815493 1.814183 1.811193 1.807798 1.805982 1.802182 1.797186 1.793965 1.786433 1.777928 1.77349 1.764604 1.756182 1.748799 1.745677 1.74093 1.738658 1.73863 1.740773 1.74539 1.748486 1.75597 1.7648 1.769579 1.779584 1.789808 1.794861 1.804567 1.813364 1.817281 1.824894 1.832735 1.84067 1.844632 1.852461 1.860054 1.86372 1.87071 1.877133 1.880091 1.885415 1.890055 1.892514 1.897683 1.902859 1.905326 1.909767 1.913222 1.914455 1.915685 1.914934 1.911807 1.909228 1.901461
1.80378 1.810925 1.815149 1.816934 1.81734 1.81728 1.816195 1.815317 1.812996 1.810054 1.808401 1.804832 1.801048 1.799125 1.795322 1.790611 1.787624 1.780719 1.773019 1.769038 1.761146 1.753793 1.747513 1.744942 1.741272 1.740009 1.740447 1.743588 1.749358 1.753067 1.761814 1.771904 1.777293 1.788434 1.799633 1.805094 1.815418 1.824514 1.828442 1.835746 1.842873 1.849777 1.85313 1.859613 1.865758 1.868689 1.874241 1.879341 1.881707 1.886043 1.890006 1.892215 1.897021 1.901979 1.904376 1.908733 1.912138 1.913346 1.914497 1.913593 1.910193 1.907419 1.899107
1.801584 1.808409 1.812274 1.813551 1.81362 1.812768 1.810792 1.809456 1.806239 1.80249 1.80049 1.796386 1.792344 1.790419 1.78691 1.782955 1.780512 1.774968 1.768917 1.765841 1.759862 1.754483 1.750149 1.748511 1.746572 1.746783 1.747833 1.752136 1.759098 1.763398 1.773286 1.784418 1.790274 1.802213 1.813984 1.819629 1.830086 1.838961 1.842628 1.84897 1.854556 1.859475 1.861712 1.865801 1.86945 1.871138 1.874297 1.877241 1.878662 1.881456 1.884438 1.886347 1.890865 1.895862 1.898371 1.90307 1.906893 1.908305 1.909794 1.909048 1.905526 1.902554 1.893487
1.797704 1.804515 1.808427 1.809754 1.80983 1.808974 1.806998 1.805674 1.802521 1.798917 1.797029 1.793252 1.789694 1.788081 1.785353 1.782537 1.780823 1.776985 1.772873 1.770816 1.766901 1.763523 1.761007 1.760174 1.75956 1.76062 1.76188 1.766235 1.772865 1.776874 1.785957 1.796032 1.801282 1.811885 1.822198 1.827085 1.836 1.843343 1.846263 1.850933 1.854517 1.85721 1.858282 1.860002 1.861317 1.861883 1.862953 1.864104 1.86477 1.866406 1.868793 1.870649 1.875483 1.881242 1.884255 1.890122 1.895209 1.897247 1.899882 1.900031 1.89701 1.894098 1.884666
1.795169 1.802052 1.8061 1.80761 1.807786 1.807151 1.805427 1.804242 1.801396 1.798141 1.796447 1.793092 1.79001 1.788657 1.786496 1.784413 1.783152 1.780351 1.777386 1.775921 1.773184 1.770912 1.769358 1.768929 1.768924 1.770266 1.771521 1.775577 1.78158 1.785169 1.79324 1.802121 1.806723 1.815966 1.824881 1.829073 1.836644 1.84275 1.845112 1.848637 1.850964 1.852337 1.852741 1.853136 1.853185 1.853155 1.853138 1.853382 1.853678 1.854769 1.856927 1.85882 1.863993 1.870374 1.873776 1.880522 1.886549 1.889051 1.892553 1.893407 1.890844 1.888041 1.878523
1.789204 1.796362 1.800866 1.802995 1.803527 1.803692 1.802877 1.802185 1.800395 1.798285 1.797193 1.795098 1.793343 1.792675 1.791924 1.791562 1.791347 1.790902 1.790507 1.790355 1.790192 1.790288 1.790729 1.791104 1.792218 1.793886 1.794953 1.797884 1.801883 1.804193 1.809255 1.81467 1.81742 1.822827 1.82787 1.830167 1.83413 1.837014 1.837963 1.838718 1.838139 1.836561 1.835502 1.833052 1.830438 1.829174 1.826941 1.825379 1.824954 1.825026 1.826843 1.828912 1.835054 1.843055 1.847449 1.856412 1.864798 1.86847 1.874161 1.876838 1.875525 1.873067 1.863547
