Params/Ksat.asc
ncols         653
nrows         607
xllcorner     103.7045833
yllcorner     22.118750033333
cellsize      0.00083333333333334
NODATA_value  -9999
[rows 392 to 419 of 607, columns 63 to 125 of 653]
2.134549 2.150367 2.153716 2.143623 2.134443 2.109348 2.077319 2.05947 2.021638 1.983002 1.96415 1.928909 1.898997 1.886806 1.869486 1.86134 1.859878 1.86126 1.867153 1.871332 1.881233 1.891965 1.902056 1.906401 1.912771 1.914819 1.913763 1.90732 1.896226 1.88934 1.873703 1.85666 1.848016 1.831298 1.81642 1.810077 1.800393 1.795794 1.795808 1.800762 1.811332 1.82627 1.834987 1.854138 1.87454 1.88482 1.90476 1.922833 1.930779 1.943713 1.952242 1.955792 1.961942 1.966755 1.968632 1.971278 1.972374 1.972313 1.970924 1.96777 1.962769 1.959549 1.951337
2.155661 2.176787 2.18322 2.173867 2.164339 2.137354 2.10216 2.082372 2.040184 1.996879 1.975693 1.93603 1.90234 1.888622 1.869211 1.860008 1.858225 1.859317 1.865321 1.869676 1.880119 1.891569 1.902464 1.907215 1.91435 1.917025 1.916202 1.910032 1.899011 1.892119 1.876438 1.859395 1.850797 1.834323 1.819971 1.814027 1.805474 1.80253 1.803597 1.811401 1.825798 1.845272 1.856439 1.880681 1.906204 1.918972 1.943572 1.965659 1.975285 1.990756 2.000593 2.004482 2.010798 2.015143 2.016567 2.017904 2.017203 2.016079 2.012271 2.006358 1.998314 1.993485 1.981774
2.165477 2.189119 2.197043 2.188104 2.178455 2.150681 2.114113 2.093471 2.049354 2.003967 1.981738 1.940088 1.904693 1.890281 1.86991 1.860192 1.858233 1.859118 1.865077 1.869462 1.880044 1.891714 1.902876 1.907769 1.91518 1.918097 1.917371 1.911328 1.900367 1.893491 1.877843 1.860864 1.852323 1.836037 1.822005 1.816283 1.808323 1.806205 1.807784 1.816954 1.833174 1.854798 1.867122 1.893769 1.921707 1.935647 1.96244 1.986412 1.996827 2.013486 2.023931 2.027974 2.034354 2.038459 2.03966 2.040357 2.038785 2.037149 2.032177 2.02494 2.015442 2.009845 1.996468
2.182184 2.210356 2.221024 2.212963 2.203189 2.174217 2.135435 2.113399 2.066098 2.01725 1.993278 1.948303 1.910042 1.894462 1.872467 1.861849 1.859561 1.860005 1.865774 1.870144 1.880828 1.89274 1.904239 1.909322 1.91713 1.920427 1.919872 1.91409 1.903309 1.896512 1.88104 1.864313 1.855947 1.840145 1.82683 1.821573 1.814797 1.814252 1.816784 1.828454 1.847975 1.873477 1.887885 1.91885 1.951117 1.967155 1.997869 2.025208 2.037029 2.055799 2.067314 2.071619 2.078075 2.081705 2.082479 2.081976 2.078789 2.076205 2.069095 2.05944 2.047296 2.040308 2.023924
2.19307 2.224793 2.237708 2.230541 2.220809 2.191238 2.151123 2.128208 2.07886 2.027746 2.002625 1.95545 1.91529 1.898939 1.875888 1.864679 1.86216 1.862261 1.867831 1.872149 1.882817 1.894813 1.906479 1.911672 1.919739 1.923336 1.92294 1.91746 1.906964 1.900315 1.885175 1.868857 1.860737 1.845531 1.832987 1.828192 1.822517 1.82334 1.826669 1.840371 1.86253 1.8911 1.90715 1.941501 1.977151 1.994823 2.028585 2.058533 2.071438 2.091829 2.104147 2.108632 2.115083 2.118262 2.118657 2.117124 2.11258 2.109211 2.100345 2.088728 2.074464 2.066372 2.047624
2.195609 2.228627 2.24241 2.235677 2.226032 2.196423 2.156031 2.13291 2.083052 2.031353 2.00593 1.958174 1.917517 1.900968 1.877665 1.866329 1.863757 1.863773 1.869288 1.87359 1.884249 1.896266 1.907988 1.91322 1.921393 1.92513 1.924818 1.919516 1.909212 1.902665 1.887751 1.871694 1.863719 1.848843 1.836686 1.832108 1.826923 1.828316 1.831962 1.846449 1.869599 1.899306 1.91596 1.951552 1.988433 2.006699 2.041562 2.072448 2.085739 2.106705 2.119297 2.123834 2.130247 2.133216 2.133449 2.131488 2.126397 2.122716 2.113165 2.100796 2.085735 2.077234 2.057624
2.193437 2.227852 2.242727 2.236796 2.227473 2.19837 2.158332 2.135341 2.085668 2.034085 2.008705 1.961025 1.920458 1.90397 1.880842 1.86969 1.867187 1.867307 1.872896 1.877231 1.887955 1.900059 1.911904 1.917218 1.925607 1.929647 1.929525 1.924661 1.914851 1.908573 1.894235 1.878805 1.871161 1.856983 1.845565 1.841373 1.836987 1.839216 1.843292 1.858761 1.883084 1.914088 1.931418 1.968377 2.006593 2.025494 2.061525 2.093387 2.107077 2.128616 2.141447 2.145996 2.15225 2.154846 2.154821 2.152228 2.146376 2.142278 2.131837 2.118536 2.102536 2.093574 2.073037
2.178968 2.212845 2.227774 2.222556 2.213805 2.186198 2.148026 2.126068 2.078588 2.029264 2.005 1.95945 1.920776 1.905107 1.883288 1.873054 1.870914 1.871596 1.877572 1.882048 1.892985 1.905244 1.917238 1.922638 1.931254 1.935632 1.935737 1.931434 1.922292 1.916376 1.902798 1.888147 1.880889 1.867451 1.856705 1.852812 1.848929 1.851504 1.855684 1.871216 1.895432 1.926196 1.943365 1.979941 2.017719 2.036391 2.071963 2.103393 2.116887 2.138094 2.150676 2.155091 2.161048 2.163329 2.163148 2.160261 2.154159 2.14996 2.139382 2.126051 2.11015 2.101294 2.081108
2.165456 2.198209 2.212749 2.207945 2.199658 2.173404 2.137031 2.116095 2.070817 2.023783 2.000653 1.957258 1.920471 1.905601 1.884997 1.875542 1.87369 1.874775 1.880963 1.885489 1.896446 1.908656 1.92058 1.925955 1.934565 1.939041 1.939247 1.93525 1.926504 1.920812 1.907706 1.893535 1.886509 1.873499 1.863103 1.859346 1.855633 1.858216 1.862328 1.877542 1.901218 1.931269 1.948034 1.98374 2.02061 2.03883 2.073538 2.104198 2.117358 2.138038 2.150293 2.154573 2.160298 2.162409 2.16217 2.159227 2.153161 2.149018 2.138634 2.125619 2.110168 2.10159 2.082098
2.127602 2.156638 2.169697 2.16585 2.158818 2.136357 2.10513 2.087139 2.048224 2.007825 1.98798 1.950819 1.919459 1.906864 1.889667 1.882304 1.881195 1.883249 1.889838 1.894397 1.905172 1.916996 1.928473 1.933646 1.941989 1.946498 1.94688 1.943521 1.935682 1.930511 1.918526 1.905493 1.899013 1.886984 1.877342 1.873845 1.870356 1.872688 1.876465 1.890455 1.912214 1.939827 1.955231 1.988036 2.02191 2.038649 2.070535 2.098703 2.110795 2.129796 2.141044 2.144935 2.150048 2.151789 2.151463 2.148556 2.142826 2.138971 2.12942 2.117596 2.103721 2.096082 2.078866
2.078918 2.102704 2.113541 2.110769 2.105323 2.087766 2.063267 2.049142 2.0186 1.986943 1.971426 1.942469 1.918226 1.908601 1.8958 1.891068 1.890866 1.89404 1.900986 1.905499 1.915851 1.926975 1.937669 1.942481 1.950281 1.954652 1.955177 1.952494 1.945689 1.941128 1.930465 1.918779 1.91294 1.902045 1.893227 1.889984 1.886606 1.888404 1.891631 1.903757 1.922693 1.946764 1.960203 1.988839 2.018425 2.033051 2.060923 2.08556 2.096142 2.112787 2.122648 2.126024 2.130375 2.131726 2.131352 2.128658 2.123568 2.1202 2.111971 2.101951 2.090382 2.084092 2.070095
2.023737 2.041249 2.049359 2.04772 2.044064 2.03211 2.015345 2.005674 1.984788 1.963219 1.952695 1.933199 1.91715 1.910934 1.903151 1.901375 1.902174 1.906541 1.913789 1.918189 1.927934 1.938128 1.947801 1.952137 1.959203 1.963315 1.96396 1.961983 1.956317 1.952438 1.943261 1.933094 1.927976 1.918347 1.910426 1.907443 1.904107 1.905178 1.907703 1.917502 1.932952 1.952673 1.963702 1.987237 2.011586 2.023635 2.046617 2.066959 2.075708 2.0895 2.097699 2.100474 2.103968 2.104938 2.104557 2.102226 2.098018 2.095292 2.088754 2.080988 2.07225 2.067599 2.057475
1.995064 2.009214 2.015845 2.014774 2.01205 2.003032 1.990331 1.983003 1.967199 1.950942 1.943046 1.92853 1.916789 1.912363 1.907207 1.906965 1.908278 1.913243 1.920616 1.92494 1.93433 1.944001 1.953102 1.957173 1.963824 1.967778 1.968478 1.966864 1.961798 1.958281 1.949898 1.940544 1.935812 1.926859 1.919414 1.916567 1.913242 1.913904 1.91604 1.924556 1.938092 1.955426 1.965135 1.985874 2.007357 2.017995 2.038301 2.056295 2.064044 2.07628 2.083579 2.086032 2.08908 2.08987 2.089501 2.087402 2.083707 2.081345 2.075755 2.069233 2.062044 2.058282 2.050251
1.938263 1.945556 1.949146 1.949176 1.948312 1.945177 1.940639 1.93802 1.932434 1.926857 1.924248 1.919742 1.916656 1.915822 1.915926 1.918731 1.921055 1.92717 1.934737 1.938876 1.947491 1.956049 1.963948 1.967461 1.97324 1.976852 1.977656 1.976782 1.972965 1.970206 1.963488 1.955842 1.951923 1.944399 1.937962 1.935403 1.932109 1.931919 1.933239 1.939064 1.94858 1.960902 1.967838 1.982708 1.998171 2.005848 2.02054 2.033611 2.039262 2.048243 2.053669 2.055465 2.05762 2.058088 2.057774 2.05622 2.053657 2.052082 2.048515 2.044617 2.040661 2.038745 2.03503
1.885798 1.886481 1.887117 1.888149 1.889033 1.891456 1.894645 1.896487 1.900587 1.905135 1.907536 1.912516 1.917625 1.920187 1.925249 1.930899 1.934152 1.941288 1.948961 1.952886 1.960684 1.968113 1.97481 1.97777 1.982686 1.985963 1.986873 1.986755 1.984232 1.982259 1.977277 1.971422 1.968359 1.962346 1.956993 1.954756 1.951545 1.950528 1.951034 1.954147 1.959592 1.966829 1.970951 1.979861 1.989208 1.993877 2.002867 2.010941 2.014465 2.02015 2.023697 2.024845 2.026155 2.026373 2.026156 2.025238 2.023897 2.023151 2.021677 2.020449 2.019735 2.019654 2.020191
1.862546 1.860176 1.85944 1.860918 1.862594 1.867544 1.874254 1.87813 1.886646 1.89581 1.900496 1.909799 1.91864 1.922748 1.930061 1.93699 1.940655 1.948228 1.955918 1.959728 1.967123 1.974007 1.980132 1.982831 1.987346 1.990475 1.991441 1.991705 1.989837 1.988264 1.984164 1.979224 1.976601 1.971368 1.966587 1.964527 1.961391 1.959998 1.960117 1.96192 1.965388 1.970148 1.972896 1.978897 1.985258 1.988457 1.994662 2.000295 2.002782 2.006861 2.009498 2.010339 2.011262 2.01139 2.011237 2.010664 2.009948 2.009619 2.009181 2.009254 2.010099 2.010893 2.013443
1.824709 1.817055 1.813936 1.816152 1.819172 1.828421 1.841126 1.848466 1.864505 1.881534 1.890112 1.906778 1.921969 1.928702 1.939831 1.948903 1.953242 1.961494 1.969134 1.97271 1.979339 1.985229 1.99033 1.992568 1.996388 1.999292 2.000384 2.001417 2.00086 2.000088 1.997762 1.994667 1.992934 1.989302 1.985721 1.984053 1.981167 1.979154 1.978577 1.977965 1.977745 1.977865 1.978036 1.97857 1.979313 1.979748 1.980709 1.981752 1.982287 1.983353 1.984298 1.984582 1.984836 1.98487 1.98488 1.985031 1.985559 1.986037 1.987574 1.99008 1.993795 1.996179 2.002347
1.802041 1.790623 1.785796 1.788497 1.792433 1.804629 1.821453 1.831175 1.852388 1.874826 1.886079 1.9078 1.927343 1.935871 1.949592 1.960075 1.96483 1.973432 1.980904 1.984249 1.990218 1.995309 1.999625 2.001523 2.004862 2.007677 2.008919 2.010722 2.01146 2.011477 2.010903 2.009645 2.008807 2.00681 2.00451 2.003295 2.000828 1.998441 1.997325 1.994717 1.99137 1.987515 1.985469 1.981284 1.977169 1.975209 1.97163 1.968696 1.967544 1.966013 1.965525 1.96536 1.965133 1.965211 1.965426 1.966332 1.96804 1.969256 1.972538 1.977119 1.983196 1.986858 1.995861
1.797749 1.785178 1.779825 1.782653 1.786848 1.799882 1.817882 1.828285 1.850977 1.87496 1.886976 1.910138 1.930915 1.93995 1.954393 1.96524 1.970085 1.978713 1.986053 1.989288 1.994984 1.999777 2.003819 2.005607 2.008811 2.011649 2.012979 2.015166 2.016536 2.016938 2.01722 2.016866 2.016473 2.0153 2.013671 2.012708 2.01053 2.008076 2.006769 2.003375 1.998752 1.99325 1.990281 1.984123 1.977969 1.975003 1.969515 1.964911 1.96305 1.960433 1.959359 1.959023 1.958645 1.958803 1.959137 1.960425 1.96268 1.964225 1.968256 1.973688 1.980693 1.984839 1.994875
1.806378 1.793241 1.787617 1.790431 1.794669 1.807871 1.826123 1.836674 1.859687 1.883999 1.896174 1.919622 1.940617 1.949727 1.964232 1.974974 1.9797 1.987991 1.994908 1.997916 2.00316 2.007548 2.011288 2.012979 2.016135 2.019162 2.020691 2.023646 2.026268 2.027431 2.029413 2.030871 2.031381 2.031912 2.03173 2.031347 2.029951 2.02765 2.026136 2.021646 2.015099 2.007049 2.002634 1.993369 1.983984 1.979421 1.970895 1.963635 1.960651 1.956325 1.954364 1.953804 1.953328 1.953794 1.954413 1.956486 1.95976 1.961879 1.967146 1.973872 1.982159 1.98692 1.998146
1.840135 1.828594 1.823658 1.826091 1.829758 1.841185 1.85699 1.86613 1.886073 1.907155 1.917719 1.938083 1.956349 1.964291 1.976981 1.986395 1.990522 1.99775 2.003783 2.006418 2.011055 2.015024 2.018535 2.020184 2.023403 2.02669 2.028425 2.032179 2.036171 2.038181 2.042082 2.045626 2.04719 2.049753 2.051365 2.05174 2.051479 2.049673 2.048116 2.042875 2.0348 2.024632 2.018993 2.007068 1.994894 1.988945 1.977784 1.968222 1.96427 1.958489 1.955829 1.955155 1.954823 1.955845 1.956864 1.959914 1.964314 1.96702 1.97344 1.981205 1.990312 1.995368 2.006916
1.864925 1.854848 1.85055 1.852674 1.855863 1.865795 1.879535 1.887482 1.904833 1.923191 1.932399 1.950171 1.966152 1.973121 1.984317 1.992682 1.996358 2.002823 2.008266 2.010666 2.014946 2.018694 2.022109 2.023752 2.027033 2.030471 2.03231 2.036476 2.041192 2.043656 2.048592 2.053271 2.055413 2.059101 2.061723 2.062534 2.062952 2.061498 2.059967 2.054448 2.045718 2.034605 2.028413 2.015275 2.001822 1.995235 1.98286 1.972238 1.967843 1.961402 1.958447 1.957747 1.957563 1.958945 1.960202 1.963808 1.968814 1.971821 1.978803 1.987018 1.996401 2.00151 2.012959
1.926668 1.920559 1.917992 1.919307 1.921234 1.927218 1.935498 1.940295 1.950796 1.961962 1.967589 1.978527 1.988497 1.992915 2.000209 2.005887 2.008434 2.013033 2.01709 2.01896 2.02247 2.025793 2.02907 2.030736 2.034212 2.037997 2.04005 2.045054 2.051272 2.05468 2.061783 2.068852 2.072218 2.0783 2.0831 2.084863 2.086804 2.086214 2.084815 2.078913 2.069072 2.056287 2.049102 2.033769 2.017985 2.010234 1.99564 1.983085 1.977883 1.970256 1.966807 1.966113 1.966349 1.968576 1.970369 1.975183 1.981456 1.985073 1.993137 2.00213 2.011838 2.016895 2.027716
1.999752 1.99861 1.998206 1.998517 1.99888 1.999974 2.001498 2.002398 2.004429 2.006706 2.007913 2.010419 2.012987 2.014271 2.016793 2.019239 2.020452 2.022898 2.025418 2.026724 2.029464 2.032425 2.035666 2.03741 2.041182 2.04538 2.047657 2.053512 2.061262 2.065637 2.074964 2.084497 2.08913 2.097706 2.104798 2.107578 2.111179 2.111608 2.110422 2.104336 2.093626 2.079447 2.071416 2.054192 2.036379 2.027612 2.011078 1.996837 1.990937 1.982297 1.978476 1.977849 1.978633 1.981826 1.984208 1.990311 1.997886 2.002109 2.011191 2.02081 2.030592 2.035427 2.045171
2.038719 2.040288 2.04106 2.040819 2.040327 2.038751 2.036589 2.035363 2.032776 2.030209 2.029009 2.026927 2.025471 2.025054 2.024994 2.025709 2.026217 2.02754 2.02928 2.030309 2.032691 2.035513 2.038784 2.04059 2.04455 2.048982 2.051377 2.057659 2.066172 2.071028 2.08146 2.092221 2.097486 2.10731 2.115558 2.118852 2.123306 2.12428 2.123223 2.117106 2.106045 2.091267 2.082867 2.064809 2.046096 2.036876 2.019478 2.004487 1.998278 1.989196 1.985229 1.984654 1.985747 1.98945 1.992138 1.998897 2.007122 2.01164 2.021203 2.031085 2.040828 2.045504 2.054588
2.117844 2.124998 2.128185 2.126782 2.124513 2.1174 2.107603 2.101979 2.089839 2.077261 2.071087 2.059533 2.049785 2.045869 2.040513 2.037715 2.036809 2.035918 2.036169 2.036691 2.038464 2.041124 2.044569 2.046553 2.050981 2.055938 2.058582 2.065713 2.075717 2.081508 2.094088 2.107229 2.113722 2.125974 2.136476 2.140782 2.146927 2.149012 2.148243 2.142163 2.13055 2.114762 2.105726 2.08622 2.065932 2.055919 2.037004 2.0207 2.013952 2.004111 1.99993 1.999486 2.001235 2.00598 2.009279 2.017341 2.026831 2.031915 2.042373 2.052693 2.062248 2.066543 2.074154
2.19368 2.206248 2.211753 2.209174 2.205145 2.192573 2.175267 2.165321 2.143807 2.121415 2.110372 2.089556 2.071718 2.064398 2.053919 2.047782 2.045557 2.042657 2.041636 2.041761 2.04314 2.04584 2.049637 2.051878 2.056903 2.062468 2.065382 2.073349 2.084758 2.091419 2.105988 2.121326 2.128951 2.143442 2.156034 2.161283 2.16902 2.172185 2.17172 2.165776 2.153788 2.137224 2.127687 2.107021 2.085458 2.0748 2.054652 2.037286 2.030106 2.019671 2.015365 2.015076 2.017498 2.023262 2.027151 2.03645 2.047122 2.052727 2.06398 2.074636 2.083906 2.087776 2.093837
2.228535 2.2436 2.250164 2.247012 2.24215 2.227004 2.206169 2.194195 2.168284 2.141297 2.127976 2.102833 2.081225 2.072324 2.059479 2.051827 2.049017 2.045252 2.043722 2.043706 2.044995 2.047808 2.051859 2.05426 2.059635 2.065537 2.068597 2.076973 2.089038 2.0961 2.111575 2.127911 2.136048 2.151554 2.165092 2.17077 2.179236 2.182907 2.182591 2.176742 2.164623 2.147755 2.138015 2.116875 2.094787 2.083863 2.063206 2.045402 2.038046 2.027375 2.023035 2.022829 2.025579 2.031826 2.035993 2.045869 2.057086 2.062928 2.074537 2.085329 2.09444 2.098096 2.103399
