Params/Ksat.asc
ncols         653
nrows         607
xllcorner     103.7045833
yllcorner     22.118750033333
cellsize      0.00083333333333334
NODATA_value  -9999
[rows 140 to 167 of 607, columns 441 to 503 of 653]
1.852944 1.862409 1.86986 1.872606 1.875683 1.87571 1.874845 1.871594 1.866622 1.863608 1.856752 1.849105 1.845101 1.836963 1.828962 1.82513 1.818032 1.810262 1.800675 1.79542 1.784429 1.773383 1.768059 1.758253 1.750154 1.746965 1.742749 1.742003 1.743151 1.749346 1.760375 1.767346 1.783491 1.801623 1.811079 1.830059 1.84818 1.864304 1.871262 1.882256 1.8891 1.892134 1.897786 1.902474 1.904304 1.906627 1.906762 1.905855 1.901787 1.894305 1.88913 1.875608 1.856367 1.82585 1.806921 1.763765 1.716268 1.691914 1.644035 1.599989 1.580423 1.548253 1.528085
1.851593 1.858784 1.864274 1.866197 1.868034 1.867212 1.865991 1.862168 1.856816 1.853685 1.84675 1.839231 1.835371 1.827687 1.820364 1.816957 1.810886 1.804682 1.797362 1.793439 1.785379 1.777449 1.773689 1.766889 1.761465 1.759425 1.757001 1.757199 1.758437 1.763971 1.773363 1.779218 1.79267 1.807677 1.815476 1.831088 1.845953 1.85915 1.864834 1.873801 1.879387 1.88192 1.886739 1.890833 1.892459 1.894569 1.894762 1.89399 1.890411 1.883721 1.879061 1.866812 1.849293 1.821523 1.804305 1.765059 1.721873 1.699729 1.656196 1.616141 1.598346 1.569075 1.550701
1.84835 1.850623 1.851866 1.852009 1.851158 1.848491 1.846493 1.841413 1.835218 1.831826 1.824696 1.817437 1.813881 1.807165 1.801304 1.798817 1.794977 1.792185 1.78981 1.788794 1.787133 1.786006 1.785658 1.785421 1.785834 1.7863 1.787778 1.790024 1.791449 1.795516 1.801303 1.804702 1.812234 1.820375 1.824534 1.832753 1.840469 1.847237 1.850127 1.85464 1.857465 1.858894 1.861879 1.86466 1.865835 1.867472 1.867789 1.867312 1.86481 1.85987 1.856346 1.846912 1.833206 1.811512 1.798078 1.767476 1.733818 1.716562 1.682639 1.651423 1.637549 1.614713 1.600345
1.844754 1.841928 1.838768 1.837068 1.833432 1.828854 1.82605 1.819671 1.812605 1.808942 1.801617 1.794632 1.791396 1.785695 1.781363 1.779838 1.778331 1.779109 1.781911 1.783938 1.788974 1.794966 1.798187 1.804811 1.811321 1.8144 1.819938 1.824294 1.825896 1.828373 1.830315 1.831104 1.832354 1.833215 1.833518 1.833906 1.834051 1.834012 1.833942 1.833737 1.833632 1.83389 1.834927 1.836313 1.837007 1.838139 1.838585 1.83842 1.837059 1.833976 1.83166 1.825217 1.815564 1.800323 1.790907 1.769483 1.745941 1.733877 1.710163 1.688338 1.678634 1.662648 1.652558
1.842961 1.837636 1.83232 1.829717 1.82472 1.819211 1.816017 1.80901 1.801528 1.79774 1.790331 1.783495 1.780423 1.775233 1.771663 1.770617 1.770265 1.772807 1.778165 1.781693 1.790034 1.799537 1.804517 1.81452 1.824029 1.828391 1.835919 1.841297 1.842974 1.844638 1.844645 1.844125 1.842228 1.839447 1.837822 1.834295 1.830657 1.827217 1.825667 1.823103 1.821532 1.821204 1.821265 1.821953 1.822407 1.823286 1.823796 1.823788 1.822997 1.820841 1.819127 1.814177 1.806545 1.794523 1.78711 1.770264 1.751769 1.742294 1.723673 1.706533 1.698911 1.686342 1.678387
1.839658 1.829673 1.820342 1.81606 1.808538 1.801317 1.79741 1.78927 1.781058 1.777059 1.769546 1.76304 1.760299 1.756112 1.75401 1.753876 1.755713 1.761578 1.771745 1.778096 1.792645 1.808736 1.817015 1.833349 1.848466 1.855223 1.866444 1.873688 1.875474 1.875528 1.871795 1.868754 1.860813 1.851051 1.845732 1.83471 1.82383 1.81388 1.809499 1.802415 1.798028 1.796575 1.794768 1.794119 1.794114 1.794513 1.795147 1.795438 1.795735 1.795346 1.79478 1.79267 1.788882 1.782983 1.779383 1.771249 1.762357 1.75781 1.748878 1.740651 1.736985 1.730913 1.727009
1.837101 1.82322 1.810544 1.804869 1.795266 1.786663 1.782193 1.773188 1.764462 1.760339 1.752849 1.746728 1.744318 1.741073 1.740289 1.740957 1.744687 1.75339 1.767643 1.776389 1.796194 1.817851 1.828912 1.850572 1.870386 1.879137 1.893406 1.902129 1.903948 1.902487 1.895388 1.8901 1.876799 1.860864 1.852284 1.834653 1.817394 1.801707 1.794829 1.783756 1.776873 1.774423 1.770967 1.769145 1.768739 1.768721 1.76947 1.770024 1.771275 1.772426 1.772857 1.77321 1.772746 1.772153 1.771859 1.771281 1.770718 1.770444 1.769911 1.769404 1.769161 1.768698 1.768271
1.836238 1.820815 1.806821 1.8006 1.790192 1.781071 1.776398 1.7671 1.758228 1.754087 1.746671 1.74077 1.738524 1.735712 1.735505 1.736514 1.74103 1.750888 1.766795 1.776507 1.798427 1.822316 1.834489 1.858273 1.879947 1.889483 1.904932 1.914192 1.915992 1.913836 1.905272 1.899018 1.883422 1.864857 1.854891 1.834454 1.814487 1.796367 1.78843 1.775659 1.767708 1.764833 1.760676 1.75836 1.757786 1.757595 1.758396 1.759062 1.760714 1.762509 1.763354 1.764727 1.765637 1.767241 1.768318 1.770873 1.773764 1.775261 1.778208 1.780894 1.782064 1.783911 1.784901
1.835622 1.81816 1.802446 1.795524 1.784105 1.774394 1.769518 1.759989 1.75111 1.747047 1.739938 1.734538 1.732611 1.730568 1.731292 1.732824 1.738493 1.749975 1.76817 1.77921 1.804021 1.83094 1.844614 1.871239 1.895365 1.905916 1.92284 1.932659 1.934328 1.930963 1.920058 1.912289 1.893138 1.870533 1.858446 1.833722 1.809628 1.787799 1.778243 1.762873 1.753269 1.749739 1.744512 1.741452 1.740629 1.740189 1.741077 1.741915 1.744168 1.746912 1.748364 1.751216 1.754105 1.758893 1.761961 1.769071 1.776982 1.781052 1.789047 1.796351 1.799558 1.804708 1.807676
1.836729 1.818871 1.802876 1.795866 1.784394 1.774809 1.770059 1.760889 1.752486 1.748695 1.742182 1.73742 1.735819 1.734422 1.735761 1.737579 1.743758 1.755795 1.774687 1.786109 1.81171 1.839401 1.853435 1.880686 1.90526 1.915948 1.932933 1.942476 1.94386 1.939527 1.927151 1.918495 1.897346 1.872542 1.859318 1.832322 1.806059 1.782283 1.771877 1.755123 1.744617 1.740742 1.734991 1.731611 1.730701 1.730219 1.73123 1.732185 1.734777 1.737983 1.739708 1.743178 1.746836 1.752886 1.756748 1.765679 1.775592 1.780683 1.790661 1.799745 1.803717 1.810051 1.813612
1.837761 1.820239 1.804581 1.797734 1.786571 1.777323 1.77277 1.764036 1.756106 1.752557 1.746523 1.742212 1.740818 1.739784 1.741394 1.743306 1.749573 1.761569 1.78032 1.791638 1.816971 1.844327 1.858172 1.885012 1.909141 1.919597 1.93611 1.945181 1.946333 1.941486 1.928506 1.919523 1.897687 1.872176 1.858599 1.830917 1.804017 1.77968 1.76903 1.751882 1.741124 1.737177 1.731371 1.728037 1.72718 1.726847 1.728046 1.729102 1.731892 1.735272 1.737066 1.740627 1.744303 1.750365 1.754234 1.763173 1.773081 1.778161 1.788099 1.797108 1.801027 1.80722 1.810586
1.840573 1.824596 1.810394 1.804217 1.794222 1.786101 1.782168 1.774745 1.768162 1.765278 1.760516 1.757342 1.756445 1.756217 1.758327 1.760352 1.766531 1.777939 1.795619 1.806251 1.829977 1.855494 1.868362 1.893201 1.915346 1.924847 1.93959 1.947155 1.947686 1.94173 1.927715 1.918243 1.895488 1.869143 1.855182 1.826802 1.799299 1.774463 1.763603 1.746118 1.735165 1.731232 1.725657 1.722758 1.722171 1.722434 1.724237 1.725573 1.72883 1.732488 1.734325 1.737731 1.740861 1.745957 1.749212 1.756716 1.764994 1.769216 1.777408 1.784713 1.787825 1.79255 1.794725
1.844229 1.830759 1.818871 1.813734 1.805504 1.798991 1.795913 1.790244 1.785407 1.783366 1.780176 1.778352 1.778019 1.778646 1.781174 1.783219 1.789001 1.799248 1.814981 1.8244 1.845338 1.867731 1.878969 1.900519 1.919492 1.927509 1.939592 1.945067 1.944823 1.937719 1.92292 1.913177 1.890086 1.863631 1.849683 1.82143 1.794145 1.769559 1.758819 1.74153 1.730735 1.726984 1.721984 1.719854 1.71969 1.720812 1.723403 1.725074 1.728815 1.732624 1.734378 1.737235 1.739182 1.742246 1.744214 1.748735 1.75366 1.756133 1.760816 1.76477 1.766333 1.768345 1.768495
1.846316 1.834385 1.823905 1.819397 1.81222 1.806644 1.804055 1.79938 1.795514 1.793937 1.791601 1.790493 1.790452 1.791503 1.794201 1.79622 1.801705 1.811197 1.825693 1.83435 1.853543 1.873996 1.884226 1.903756 1.9208 1.927921 1.938425 1.942695 1.942025 1.934356 1.919271 1.909474 1.886423 1.860167 1.846363 1.818456 1.791556 1.767346 1.756776 1.739759 1.729152 1.72554 1.720918 1.719249 1.719329 1.72093 1.723938 1.725777 1.729738 1.733561 1.735227 1.737684 1.738852 1.740596 1.74173 1.744324 1.74709 1.74844 1.750876 1.752699 1.753282 1.753595 1.752507
1.850893 1.842458 1.835159 1.832063 1.82723 1.823697 1.822162 1.819601 1.817777 1.817163 1.81658 1.816914 1.817447 1.81929 1.82223 1.824133 1.828852 1.836566 1.848197 1.855095 1.870285 1.886307 1.894243 1.909197 1.921896 1.927015 1.934018 1.935682 1.934126 1.925399 1.909968 1.900226 1.877655 1.852266 1.839 1.812297 1.786661 1.763643 1.753603 1.737429 1.727369 1.7241 1.720332 1.719645 1.720227 1.722784 1.726587 1.728726 1.73302 1.736725 1.738126 1.73957 1.738907 1.737595 1.736806 1.734963 1.732773 1.731549 1.72885 1.725817 1.724178 1.720657 1.716818
1.855853 1.851271 1.847454 1.845892 1.843579 1.842188 1.841741 1.841327 1.84154 1.841874 1.842985 1.84467 1.84572 1.848226 1.851253 1.852955 1.856725 1.86241 1.870826 1.875763 1.886513 1.897644 1.90306 1.913004 1.920982 1.92394 1.927209 1.926165 1.923731 1.914103 1.898656 1.889183 1.867602 1.843659 1.831235 1.806343 1.782548 1.761231 1.751935 1.73693 1.727588 1.724707 1.721819 1.722066 1.723104 1.726483 1.730903 1.733241 1.737651 1.741007 1.742028 1.742232 1.739514 1.734845 1.731955 1.725285 1.717723 1.713718 1.705479 1.697231 1.693213 1.685612 1.678884
1.85842 1.855822 1.853789 1.853009 1.851968 1.851639 1.851722 1.852345 1.853523 1.8543 1.856192 1.85848 1.859754 1.862519 1.865522 1.867093 1.870335 1.874952 1.881695 1.885618 1.894075 1.902693 1.906816 1.914199 1.919777 1.921643 1.923038 1.920661 1.917813 1.907819 1.892496 1.883239 1.862334 1.839313 1.82741 1.803625 1.780937 1.760631 1.751773 1.73745 1.728507 1.72582 1.723343 1.723992 1.725215 1.728905 1.733522 1.735903 1.74026 1.743342 1.74413 1.743651 1.739874 1.733508 1.729563 1.720479 1.710238 1.704849 1.69386 1.683029 1.677837 1.668228 1.660092
1.86361 1.864944 1.866428 1.867179 1.868604 1.870282 1.871352 1.873867 1.87677 1.878324 1.881554 1.884832 1.886446 1.889541 1.892345 1.893595 1.895706 1.898158 1.901559 1.903463 1.90738 1.911038 1.912619 1.914984 1.915883 1.915632 1.913429 1.908554 1.904963 1.894456 1.879667 1.871 1.851792 1.830976 1.820298 1.799074 1.778914 1.760888 1.75301 1.740191 1.732083 1.729756 1.727959 1.729189 1.730646 1.73466 1.739359 1.741672 1.74564 1.747951 1.748192 1.746258 1.7404 1.730799 1.72486 1.711232 1.695976 1.688003 1.671892 1.656268 1.648902 1.635594 1.624886
1.868723 1.87374 1.878484 1.880639 1.884285 1.88769 1.889578 1.89361 1.897828 1.899949 1.9041 1.907974 1.909751 1.912865 1.915241 1.916095 1.917017 1.917374 1.91761 1.91762 1.917302 1.916366 1.915605 1.913372 1.910027 1.907875 1.902491 1.895499 1.891338 1.880676 1.866822 1.85896 1.841885 1.823705 1.814461 1.796187 1.778893 1.763413 1.756614 1.74542 1.738134 1.736086 1.734677 1.736061 1.737506 1.741313 1.745555 1.747545 1.750672 1.751878 1.751465 1.748018 1.740268 1.727895 1.720278 1.702875 1.683497 1.673412 1.653138 1.633645 1.624535 1.60828 1.595562
1.873575 1.881783 1.88931 1.892642 1.898094 1.902793 1.905252 1.91026 1.915221 1.917621 1.922133 1.926091 1.9278 1.93055 1.932242 1.932628 1.932353 1.930813 1.928274 1.926644 1.922692 1.917859 1.915127 1.909059 1.902228 1.89854 1.890652 1.882119 1.877625 1.867244 1.854761 1.847914 1.833379 1.818209 1.810569 1.795549 1.781363 1.768597 1.762931 1.753399 1.746848 1.74495 1.743507 1.744468 1.745574 1.748484 1.751588 1.752937 1.754676 1.754401 1.753233 1.74828 1.738992 1.724617 1.715839 1.695893 1.673807 1.662355 1.639422 1.617497 1.607307 1.589259 1.575369
1.875845 1.885389 1.894058 1.897862 1.904009 1.909146 1.911772 1.917015 1.922083 1.92449 1.928927 1.932697 1.934271 1.936673 1.937917 1.938043 1.937182 1.934808 1.931093 1.928779 1.92333 1.916912 1.913386 1.905794 1.897605 1.893334 1.88453 1.875502 1.87095 1.860899 1.849273 1.843014 1.829891 1.816348 1.809563 1.796256 1.783684 1.772309 1.767215 1.758501 1.752264 1.750375 1.748719 1.749204 1.749992 1.752145 1.75438 1.75527 1.756081 1.754912 1.753328 1.747646 1.737774 1.722782 1.713679 1.693068 1.670322 1.658552 1.635022 1.612582 1.602174 1.583787 1.569713
1.880115 1.891793 1.902222 1.906722 1.913801 1.919328 1.922009 1.927111 1.931744 1.933838 1.937488 1.940297 1.94134 1.942608 1.942663 1.942189 1.940145 1.936328 1.930705 1.927312 1.919556 1.910762 1.906072 1.896297 1.886251 1.881224 1.87135 1.861975 1.85757 1.848656 1.83921 1.83435 1.824483 1.814584 1.809684 1.800112 1.791007 1.782569 1.778663 1.771601 1.765867 1.763836 1.761245 1.760095 1.759863 1.759692 1.759388 1.758989 1.757305 1.753914 1.751381 1.74425 1.733626 1.718304 1.709157 1.688663 1.666261 1.65473 1.631776 1.609996 1.599931 1.58222 1.568763
1.884747 1.898474 1.91049 1.915562 1.923245 1.92865 1.931042 1.935183 1.93843 1.939706 1.941536 1.942371 1.942402 1.941667 1.939835 1.938495 1.93494 1.92959 1.922133 1.917755 1.907976 1.897209 1.891594 1.880182 1.868898 1.863444 1.853191 1.844185 1.840289 1.833382 1.827232 1.824396 1.819114 1.814236 1.811904 1.807366 1.802878 1.7983 1.795932 1.790952 1.785707 1.783309 1.778959 1.774961 1.773 1.768973 1.764556 1.762109 1.756554 1.74987 1.746012 1.737079 1.725999 1.711304 1.702797 1.68411 1.66405 1.653826 1.633636 1.614647 1.605925 1.59067 1.57919
1.887198 1.901943 1.914714 1.92004 1.927932 1.933119 1.935262 1.938665 1.940919 1.941626 1.942218 1.941741 1.941113 1.939096 1.936091 1.934229 1.929805 1.923646 1.915277 1.910423 1.899699 1.888047 1.882033 1.869949 1.858219 1.852647 1.842409 1.833807 1.830279 1.82466 1.820527 1.818911 1.816371 1.81447 1.813653 1.812076 1.810292 1.807961 1.806485 1.802701 1.797705 1.795055 1.789568 1.783762 1.780712 1.774266 1.767288 1.763573 1.755637 1.746956 1.74231 1.732353 1.721125 1.707028 1.699047 1.681773 1.663488 1.654243 1.6361 1.619157 1.611413 1.59793 1.58786
1.892254 1.908973 1.923154 1.92892 1.937062 1.94156 1.943035 1.944564 1.944371 1.943695 1.941311 1.937725 1.935546 1.930547 1.924864 1.921831 1.915512 1.907694 1.897537 1.89178 1.879305 1.86608 1.859385 1.846228 1.833909 1.828263 1.818396 1.810958 1.808349 1.805739 1.806193 1.807329 1.810933 1.815672 1.818225 1.823219 1.827417 1.830047 1.830534 1.829366 1.82488 1.821628 1.813487 1.803499 1.797938 1.785935 1.773092 1.766481 1.753133 1.739951 1.733549 1.721373 1.709985 1.697528 1.690916 1.677255 1.663452 1.656661 1.643631 1.631775 1.626452 1.617345 1.610731
1.897357 1.915906 1.931328 1.937443 1.945635 1.949184 1.949826 1.949098 1.94603 1.943746 1.937933 1.9308 1.926866 1.918519 1.909875 1.905568 1.897242 1.887769 1.875916 1.86933 1.855305 1.840767 1.833538 1.819627 1.807069 1.80153 1.7924 1.786488 1.784972 1.785773 1.791308 1.795465 1.805783 1.817746 1.823957 1.836067 1.846732 1.854714 1.857313 1.858954 1.854988 1.85105 1.839932 1.825279 1.816923 1.798747 1.779406 1.769595 1.750285 1.732181 1.723878 1.709359 1.69796 1.687569 1.682628 1.673319 1.664863 1.660989 1.654016 1.648163 1.64569 1.641719 1.639135
1.899867 1.919254 1.935221 1.941474 1.949626 1.952632 1.952818 1.950876 1.946278 1.943143 1.935524 1.926533 1.921684 1.9116 1.90143 1.896472 1.887135 1.876859 1.864207 1.85724 1.842521 1.82742 1.819975 1.805795 1.793226 1.787795 1.779137 1.774082 1.773155 1.775746 1.783913 1.789628 1.803401 1.81907 1.827155 1.84291 1.856882 1.8676 1.871278 1.874354 1.870653 1.86636 1.853699 1.836634 1.826834 1.805469 1.782776 1.771317 1.74894 1.728312 1.719038 1.703342 1.691979 1.682721 1.678681 1.671708 1.666112 1.663794 1.660046 1.657385 1.656426 1.655176 1.654723
1.904688 1.925549 1.942429 1.948885 1.956843 1.958684 1.957923 1.953493 1.94579 1.940937 1.929683 1.916969 1.910291 1.896748 1.883557 1.877321 1.866021 1.854225 1.840107 1.832455 1.816517 1.800476 1.792695 1.778164 1.765751 1.760615 1.753041 1.749803 1.750088 1.756295 1.769727 1.778547 1.799186 1.822212 1.834015 1.85699 1.877514 1.893649 1.899467 1.905392 1.902227 1.897232 1.88152 1.859672 1.847009 1.819323 1.789988 1.775263 1.746818 1.721209 1.710028 1.692038 1.680808 1.673888 1.671693 1.669479 1.669692 1.670532 1.673321 1.677117 1.679216 1.683458 1.687287
