Params/WM.asc
ncols         653
nrows         607
xllcorner     103.7045833
yllcorner     22.118750033333
cellsize      0.00083333333333334
NODATA_value  -9999
[rows 280 to 307 of 607, columns 441 to 503 of 653]
189.6025 189.2178 186.7942 104.1902 158.5399 175.9362 158.8593 169.0826 167.936 184.7802 166.7837 173.2227 176.1754 170.2131 144.399 55.67052 159.1902 184.7441 166.5101 111.4713 175.2214 182.7281 172.3281 178.0246 159.1327 180.5316 188.8262 175.4688 182.8026 163.8345 177.6 149.5179 146.7363 126.3396 121.1925 114.6849 108.966 109.2021 33.88274 40.28939 165.8603 164.7625 100.2012 188.8989 193.5753 177.6911 162.5267 195.6806 197.2126 184.1076 183.2546 188.9506 196.5251 198.5342 198.5558 106.3529 140.388 148.283 155.0263 158.6618 169.2004 187.5919 185.9942
185.7379 183.7429 188.0938 117.9591 180.4812 184.5439 174.9585 178.8496 175.1078 181.7383 163.0625 173.4613 177.2376 140.1819 179.9323 52.6852 164.4607 183.5246 152.4391 119.2199 168.3143 182.8937 183.0167 167.3474 175.6711 175.8068 179.8543 188.8431 179.7038 178.6039 147.6129 174.0468 176.482 135.9723 175.6837 171.1278 169.9071 173.6752 160.532 151.0469 24.51609 153.0801 89.98494 174.0762 168.4198 164.4718 195.8721 197.5769 195.9443 186.2932 196.7635 176.2449 191.8062 197.6684 105.565 187.1821 188.8426 173.9092 190.9549 168.7796 187.6934 170.2216 187.9642
185.8246 182.6986 169.7316 164.0537 106.6421 169.0138 159.7698 170.6058 178.8294 175.0187 183.2868 144.2427 128.2116 170.852 181.0252 38.50642 183.4976 168.5564 153.4338 163.5267 121.4781 153.1379 160.793 166.8383 152.4035 166.1481 182.1858 184.1869 189.3704 163.1162 159.671 155.1299 110.3218 175.0524 184.8508 183.2975 184.4765 190.6091 175.5725 182.3277 171.6324 47.28144 32.88502 149.7259 156.5154 160.3913 189.5457 192.5211 192.3268 194.1588 195.5311 187.6184 159.2859 107.1818 197.4241 199.6251 199.942 192.9005 187.7921 186.058 183.7337 183.3052 182.7565
172.8905 181.0443 175.6469 183.452 179.9326 108.6234 173.8566 162.2981 162.0869 160.1596 168.24 163.2552 171.4319 169.0337 59.57812 127.4242 175.7163 177.8516 161.4277 173.3278 177.9745 133.108 165.332 174.8782 152.9212 179.7342 183.2274 167.9738 181.6468 179.8711 175.8181 137.5526 160.0862 139.2204 185.3615 183.9198 184.0268 179.1164 187.7167 189.406 189.8755 170.8269 165.2726 46.80118 142.8803 141.3885 170.9707 184.6067 191.5603 195.6998 188.4077 188.4671 102.305 196.6576 192.1049 185.4576 189.3059 198.4938 194.3619 195.1391 194.9171 194.5819 190.2576
155.6314 183.9667 183.5 184.2641 177.0291 172.815 107.3081 182.0466 176.7243 178.1968 182.4599 170.7471 173.342 185.669 59.14893 175.9059 135.9523 135.241 177.9364 180.1165 163.5693 179.4671 124.7768 142.1016 163.4334 167.5115 178.2427 178.5394 186.3328 185.5753 172.5123 141.5079 178.7355 168.0026 147.8219 188.5629 186.1787 175.304 180.9352 184.3013 167.8354 186.2564 189.5865 173.5545 50.62972 139.4652 151.2229 165.7877 188.7309 197.039 182.9458 186.8977 101.9207 194.2323 194.0228 177.4247 189.3405 192.9643 182.4527 190.9921 196.3884 200.6415 194.7443
159.3953 151.0547 142.0838 145.4287 148.6862 144.3788 133.9534 120.5743 187.412 180.691 172.0084 178.6834 179.6741 185.7458 56.04107 169.9534 177.666 171.4126 112.2138 163.4019 179.8861 171.6831 162.0684 123.2754 155.3446 161.7569 179.364 182.297 185.0427 177.0827 182.2939 135.3843 175.9286 175.8385 160.8907 142.4643 171.2629 189.3907 179.2439 183.7738 179.713 167.0872 166.726 186.4374 187.314 48.45755 145.9208 151.687 182.1327 196.8817 180.0311 190.7559 100.5305 189.785 167.3345 188.1766 194.2976 195.7448 197.7952 196.4534 193.6463 195.9496 191.0538
185.4937 184.0943 182.4466 184.1761 185.4309 185.5362 171.4718 128.5884 115.7881 177.1318 184.0824 185.1948 171.3867 166.7612 51.5896 179.4366 167.7698 163.9964 169.6592 135.3123 167.2726 163.4729 170.405 135.1771 174.1742 155.6034 182.849 185.3216 184.07 174.6043 167.5531 137.0119 165.9109 175.1589 179.974 168.6664 140.8607 176.9007 190.6407 181.4681 183.295 163.5255 165.422 183.0717 177.7426 171.413 44.22914 127.3751 172.2967 185.1563 188.7133 186.8742 193.4245 96.91615 187.0919 194.8323 193.5733 184.2159 197.0431 185.1825 186.337 199.3897 196.9961
176.2581 182.0689 177.7111 180.4528 180.9501 178.3661 181.8094 137.7164 173.2738 99.28847 111.5699 109.1804 110.7242 116.8471 108.7708 59.97066 181.1156 155.2925 121.998 170.9664 184.0343 183.1136 183.7702 180.2955 127.4585 159.6731 175.4504 169.1865 163.4401 181.2949 176.6168 139.0626 178.0273 163.212 172.3048 181.5342 169.5926 166.5738 178.6862 188.056 178.8228 157.905 169.9257 180.5866 176.1005 181.4089 172.4719 28.25461 170.9629 197.711 182.2118 192.0515 192.7551 87.59524 184.5751 192.1759 156.3459 158.6074 158.3749 169.1996 185.9682 191.3658 187.8087
156.0833 155.0796 171.364 174.9478 177.4415 185.1476 179.4339 122.5475 167.251 173.7753 143.1097 172.1607 174.6063 183.3673 154.8479 60.1829 170.9077 163.5509 130.8152 180.9735 183.5022 177.7286 179.3183 173.0051 175.5436 141.0246 147.1905 179.8568 183.5564 187.6336 155.5345 163.8758 166.3939 162.1263 171.3602 171.9832 183.7584 174.3232 152.9985 162.4305 169.6777 182.0623 167.2346 178.1425 183.2247 179.8312 172.1144 31.39891 168.7665 196.5762 192.2934 179.9453 102.4109 186.3351 153.8094 152.3019 185.1557 186.4615 191.9369 196.0602 195.1909 180.9823 195.3633
181.0387 180.2608 150.6745 131.3519 131.775 134.4506 142.657 179.6957 171.0869 169.0168 146.0349 145.5562 169.3428 162.8423 178.0661 58.74699 185.507 178.6687 179.9343 134.0197 170.9039 187.6425 179.3542 179.7282 182.9638 176.8244 136.1099 188.4897 172.588 187.4269 168.1329 175.2755 156.8293 162.1736 162.4612 180.8703 178.291 186.4259 173.8669 155.8352 144.0035 168.2458 183.6172 182.2691 169.7765 178.5244 171.0742 28.75512 163.3755 194.5736 190.0759 170.7349 107.666 192.1288 187.8433 178.6448 175.8191 174.6024 185.6701 193.7166 193.6525 195.972 196.7502
176.2833 167.3097 159.4998 170.4512 183.9104 179.2084 186.2479 180.9032 171.3422 143.7745 170.125 175.8825 166.6872 175.4574 170.4045 57.17458 174.5687 175.6091 178.3523 162.9741 138.5516 178.2025 189.5924 178.4072 175.8487 182.7506 168.3812 152.5664 183.1702 182.1248 177.8328 176.704 156.4346 165.523 176.4879 175.2227 172.7828 184.6413 175.2577 171.8631 172.1751 140.5054 172.8952 172.5484 177.0779 163.6458 154.4921 32.02361 153.5773 176.7361 172.7895 100.5382 151.4172 160.1664 189.386 184.3446 160.6408 185.4369 189.2014 186.7507 183.5226 188.2589 178.0309
182.5111 184.6325 184.8629 182.6313 176.2283 174.9695 168.4153 177.2794 166.0016 177.1749 175.3603 177.934 173.81 175.7932 169.0692 57.80656 184.2563 175.1587 166.7592 175.2817 161.0356 141.5446 177.0444 188.3755 180.2583 188.2591 191.5638 154.3118 178.5608 181.1043 175.3581 169.9625 159.2418 151.905 182.6444 183.1132 173.5566 186.3548 168.9141 178.0882 163.129 132.9386 134.716 155.1664 175.5119 165.5146 127.8639 46.80104 181.9157 180.1952 100.0946 180.8105 179.2748 179.5339 149.3556 157.2922 194.8941 192.2173 179.8688 172.8849 189.4815 187.2936 191.6393
185.4332 180.7705 174.0392 172.4297 175.4944 166.8826 168.7578 178.7378 174.8007 176.5899 169.8365 165.5916 175.6057 168.8164 168.6649 60.82745 180.8022 150.8831 168.5516 167.4732 180.3419 173.0046 147.3719 167.6914 183.0777 181.3868 187.1715 178.7239 141.9526 154.7166 170.4221 172.7273 171.5156 158.0809 145.7317 143.2361 145.7803 179.2708 140.0307 131.189 144.6663 119.2323 148.653 173.942 170.5138 155.9676 43.36018 180.753 170.6029 91.79668 183.512 180.78 185.8554 183.4701 185.7393 178.0608 193.7924 180.9365 193.5866 166.9187 192.4648 186.5077 148.309
141.4211 143.3999 185.4457 183.9134 162.7934 178.7847 173.4651 174.7996 168.1351 179.8159 183.4534 162.4064 158.0785 174.861 45.30951 176.2594 176.6046 155.5958 153.5338 169.0651 174.9824 182.9568 166.8093 178.4812 190.0366 190.8307 178.3669 178.3576 180.9812 183.2191 179.5899 151.555 168.3205 178.3595 186.7418 183.8805 187.1381 145.5297 173.4957 172.0318 109.3477 152.2115 172.94 170.3114 157.2557 137.9911 46.65848 179.3368 92.71734 174.7241 158.5949 190.5213 185.1939 179.7242 190.6475 192.4326 177.4897 192.0994 165.6523 187.8766 189.037 143.3464 184.0386
177.7637 174.3572 134.1642 183.0018 163.3108 172.2652 183.0624 179.7565 180.2416 170.0725 175.7184 157.3512 173.8358 42.50005 165.2849 182.3942 170.6369 167.1929 138.8844 176.7807 179.1289 169.1529 180.7317 167.0591 165.4933 171.516 186.9318 183.9184 187.2354 182.5968 167.7742 175.2802 146.5624 175.7321 183.8587 183.1035 181.0867 167.625 172.9184 172.0906 121.4473 174.8477 170.0718 157.4391 156.2204 -9999 96.68054 99.79984 179.2498 165.2053 152.0364 188.2719 171.3341 179.5031 192.9707 189.227 194.9394 195.7954 162.153 186.6866 136.7106 177.7177 152.3253
157.5645 154.9224 178.4467 134.4439 124.3007 166.4754 179.0533 180.9078 179.5945 184.7874 168.2058 176.8781 14.52837 170.8262 131.1972 173.4029 175.0159 170.0516 126.0869 170.8943 165.7032 178.3204 170.5823 172.5595 179.0665 148.3702 183.3544 190.3968 181.7424 192.9757 186.0412 177.0868 151.8295 189.189 176.9384 187.3713 181.3452 178.2249 157.4518 152.8965 169.4851 129.5555 157.602 156.1166 -9999 -9999 159.4403 165.6788 170.3147 175.879 174.3644 156.5448 184.1477 183.5488 191.7671 195.1592 183.5829 139.7195 116.9531 142.4823 187.3475 194.3307 188.0724
181.3516 184.8139 193.2947 185.6424 172.1537 126.5972 129.5679 169.403 170.5502 181.4901 55.86903 23.64696 176.3176 183.9904 179.484 124.0918 120.6074 131.3255 164.9922 127.3799 175.9802 180.4965 173.8493 179.4986 169.4409 142.459 181.3551 193.6165 170.771 192.8021 182.8138 143.3453 178.6276 186.5588 184.7596 188.5147 189.4958 163.8915 160.5608 176.9484 152.2899 115.2362 124.8951 136.1136 118.8568 36.06777 170.7733 181.4739 167.5687 165.2543 146.3123 162.5548 173.7285 188.0782 187.8348 133.0214 134.2162 182.2878 195.4932 194.1681 193.4531 186.3681 183.5375
184.136 175.3719 181.6913 189.3841 189.9229 183.9458 177.4881 126.698 49.37455 35.86647 164.8094 107.8562 173.2327 187.3915 185.8529 173.4689 181.9512 120.7076 174.9782 173.5098 133.7138 136.6583 152.4337 158.5051 162.5507 177.7638 155.8686 187.6804 191.3702 185.5062 180.4765 187.6117 143.1786 186.4483 182.5692 183.0673 164.1084 171.8524 158.2543 178.5222 149.7892 95.14738 130.3881 165.011 45.87207 169.7108 184.1827 177.2734 172.2006 163.1752 125.3078 149.1474 175.9162 185.9058 130.5206 182.5856 189.6243 189.9895 174.1737 178.2974 187.9399 190.5171 189.4355
186.3053 193.6494 196.4759 195.4284 191.4235 62.29556 42.2934 39.50209 163.0511 170.3562 163.1392 108.7524 166.6245 189.6113 186.2171 189.514 183.0929 145.6237 160.9098 174.9949 179.3332 160.0926 173.2582 169.2733 159.6635 161.7477 136.3333 170.1736 193.117 182.6846 188.182 191.75 135.7162 178.8525 163.4655 113.6959 121.1041 113.97 102.9163 170.5387 145.4753 101.9326 143.6593 41.71869 177.1927 180.8738 169.293 168.0688 173.2861 165.7193 152.6419 125.4397 172.0138 132.9029 184.3517 187.1916 191.4866 192.8849 195.0126 181.7167 191.3645 179.3832 191.1488
186.8752 188.0424 176.0079 67.18938 56.10221 170.3124 177.3813 156.7847 164.4191 163.8665 107.2397 182.8792 172.6605 177.5341 185.6746 185.177 190.3429 190.4314 140.5361 174.1362 183.1879 184.3968 168.4634 150.0439 169.007 165.7666 178.7406 127.4519 182.4125 192.772 179.5264 191.2957 148.6245 174.2317 122.4931 192.9655 192.8212 182.8568 168.827 114.8222 109.2784 148.4884 106.1135 46.68778 184.2091 168.5213 163.2261 172.9446 172.9658 170.1611 156.9094 164.9959 115.8241 179.4532 185.2875 177.3193 191.7106 185.7449 175.1686 190.7133 170.6141 190.4487 188.8574
192.7761 173.2158 32.3114 174.1512 166.0254 169.0757 158.511 156.6873 169.9158 163.1309 111.1122 185.901 188.7472 183.2581 188.3944 178.5342 187.0511 187.6506 156.31 150.2559 177.4775 181.628 185.4037 187.1602 173.5037 151.9999 178.4062 168.4753 144.6557 176.4144 189.7413 186.048 186.6944 112.8197 183.3873 192.6473 190.7551 194.3951 178.1191 167.4256 155.8045 81.23711 94.13822 47.40641 181.6413 169.9338 169.2686 157.6093 165.3753 162.2193 151.4151 147.8271 114.3412 162.5807 163.6614 166.4323 179.9177 175.7876 167.4919 173.3205 191.6535 184.2334 188.8948
167.8619 53.88486 172.6317 141.1894 167.7932 165.1051 159.1838 157.9979 169.3019 166.7288 106.419 175.3352 183.6642 191.9918 184.1086 187.6775 168.7444 150.9007 187.2858 187.727 134.4228 188.9469 186.2431 183.5219 175.1878 178.6515 164.6721 156.9625 145.5228 138.5488 189.162 181.6369 105.7389 177.0288 160.412 191.6309 172.0073 192.7195 187.7701 178.2127 163.7155 -9999 -9999 170.0614 180.4558 167.1025 168.7742 143.8123 165.3335 163.5784 158.0307 157.8631 103.6634 144.2416 162.1603 150.9022 175.9798 169.1721 159.6505 170.5756 179.597 195.5051 186.5665
66.8503 112.46 160.7741 146.3933 147.6274 149.4904 164.9503 171.4823 173.0605 178.0835 93.71976 174.0018 182.9347 192.4231 176.6487 182.9706 171.5793 177.5385 180.352 183.7626 152.2391 147.8879 179.1105 170.3054 183.1197 175.188 178 178.9893 187.4177 173.6988 128.4795 117.672 187.3198 184.8611 181.1815 163.9734 191.7194 185.5998 197.0256 184.2788 169.0582 171.9093 -9999 36.04546 166.0149 171.472 176.8132 150.6714 165.3284 163.8121 161.8608 159.9331 167.0638 118.4261 169.9406 179.1355 160.0224 152.4969 150.2987 157.1516 169.3684 170.4703 154.0133
141.6294 172.5155 112.5531 163.3238 158.0657 167.9698 155.8066 175.1408 166.195 179.181 99.61763 183.2086 195.8482 188.6052 174.0713 178.7272 185.0605 182.8836 166.7819 141.442 170.3055 183.2237 164.6857 127.164 143.186 147.3873 178.2283 177.1188 181.924 179.0475 157.9163 112.9785 182.9324 187.3043 184.4365 166.7487 188.2723 192.4141 197.1033 192.0251 189.2422 169.8653 163.9939 156.2872 20.43152 161.9147 169.1856 150.2691 176.8298 159.215 176.6026 176.6867 164.7376 169.3148 122.4284 166.7281 157.3329 142.2217 -9999 6.000345 9.739527 31.20135 47.65802
146.4303 164.4727 159.365 110.0018 166.5603 165.0688 167.8907 172.2448 170.345 165.8384 91.49753 182.0019 194.4408 192.1857 188.3788 178.1444 186.973 173.5748 181.6351 188.5533 183.8381 172.642 145.9803 178.3382 164.2328 177.2865 137.3918 184.3964 179.1412 176.9653 163.4967 107.6427 138.2643 189.8998 182.5342 176.5857 188.6307 194.1157 191.7109 198.8794 198.6521 183.2262 172.4922 187.8442 152.1299 51.79915 158.5719 138.1705 140.0053 138.4911 138.4245 137.6761 135.0153 130.6096 121.2749 12.41597 29.23912 37.90045 161.427 160.5506 159.8594 151.4953 144.6643
150.2209 172.1718 159.5119 113.2807 147.0476 148.9348 163.916 167.2802 167.8332 160.1012 90.32368 177.9193 189.6104 183.4145 181.1875 191.7652 189.1684 183.912 187.8569 191.2424 183.3861 163.3307 181.5946 180.462 168.0669 177.5217 176.2249 122.0091 177.1478 179.2075 171.2879 122.2313 132.865 189.9654 177.0594 162.2125 186.6372 196.4888 182.1211 193.4993 189.8548 182.3645 189.549 147.9124 189.1661 193.1861 57.83813 49.50179 46.28048 47.49129 47.32786 45.35531 43.95419 45.49382 49.31718 176.6812 160.7885 182.5434 175.113 175.435 174.9771 173.6515 171.8013
153.9377 160.584 159.3191 114.2392 172.0654 163.0306 144.4666 163.8694 146.6294 168.9569 162.4409 118.0307 183.3132 162.97 187.3285 182.257 166.6893 185.5963 185.0598 187.9347 177.3514 179.0339 191.193 191.617 187.0439 150.8967 177.713 169.5927 116.5708 123.7377 129.8899 166.2235 151.743 130.0858 161.306 185.0619 187.9126 184.0008 193.6384 185.4828 189.6718 195.2427 183.3073 141.3382 186.0401 188.1171 194.4464 181.6608 131.3849 181.8943 182.8542 171.7842 177.0046 167.2008 184.8167 184.8229 174.0156 177.7704 181.3763 175.3917 172.9884 172.4312 170.3706
171.4872 175.6277 168.6385 100.4079 173.0842 173.1437 168.9385 154.9224 163.4867 168.2884 158.8399 105.4847 155.9921 177.9017 170.6702 176.4227 157.3202 192.0906 191.3118 178.7133 182.5245 181.9842 188.4736 182.0708 176.3875 158.4139 151.1796 137.6859 173.215 174.0787 179.8522 172.6992 173.8382 124.7598 186.4225 187.4224 166.3952 182.8972 188.9609 183.9876 196.796 189.2341 163.2036 172.7564 174.4269 179.1134 191.0759 189.5977 120.4218 169.4086 168.0229 179.0849 184.6254 179.0108 178.2394 181.6227 175.8426 180.6766 177.9764 169.7261 161.7128 155.0332 103.574
