Params/WM.asc
ncols         653
nrows         607
xllcorner     103.7045833
yllcorner     22.118750033333
cellsize      0.00083333333333334
NODATA_value  -9999
[rows 336 to 363 of 607, columns 63 to 125 of 653]
211.9529 203.5805 190.4239 222.6421 229.3531 220.5928 206.9537 206.2866 200.5508 184.879 213.8979 210.4699 160.7207 198.8053 220.0865 223.1326 227.6665 226.682 222.6165 133.2637 212.4098 185.1784 200.7539 184.1826 216.1788 213.4025 211.1597 210.2876 219.3814 229.646 197.1414 192.4058 228.1111 198.2269 195.911 219.4247 172.9281 171.4218 168.188 159.6433 153.4935 144.3333 149.8112 152.4264 162.3773 216.9853 226.7012 210.1821 214.2723 226.5812 217.1959 210.2196 195.3915 213.8494 219.237 226.1703 223.4779 227.1864 231.0053 214.0558 219.1279 122.7989 199.9542
212.1341 206.1036 219.5623 208.717 223.4275 217.769 220.3165 198.8575 182.156 214.1263 222.1613 198.3737 172.6399 216.1635 225.4018 221.5275 223.9642 227.5353 217.5524 144.0459 204.4855 206.6527 203.298 202.7316 212.997 204.9692 201.6798 188.5057 189.2748 195.2347 230.874 230.6292 193.5827 182.8247 178.0125 173.8648 219.8793 229.3754 197.5341 196.3119 216.6531 213.2662 231.4275 222.9525 208.8569 144.2328 146.2932 157.5711 208.381 230.3444 227.433 223.0021 185.8027 204.9373 212.2589 218.1865 226.0833 215.0986 211.7691 228.3957 220.6432 218.9281 123.5618
219.5709 217.1967 228.632 227.5033 217.8546 227.2631 207.4483 223.0163 193.1868 216.3315 194.9736 175.32 214.6488 216.5449 220.6006 228.1955 221.1599 218.8978 210.9666 220.7825 131.1584 139.264 189.6538 204.59 215.9473 197.309 203.487 215.541 227.8424 231.1969 203.2065 200.1832 197.0162 227.4021 219.0112 226.9096 233.7899 201.9891 202.108 218.5524 223.4747 216.6055 229.4639 218.2743 216.447 211.6243 228.2914 223.066 137.7222 131.056 136.4805 218.012 220.3769 180.0741 201.2518 208.2185 215.9831 223.9676 220.1638 221.0046 224.4768 229.0966 217.8811
229.1098 219.8892 235.6006 237.0973 228.2314 225.4582 217.3137 205.9428 212.2215 204.5328 175.2758 235.1562 221.326 238.9957 223.0031 223.3046 227.6897 228.3879 216.487 203.9965 161.7733 205.9274 146.7047 187.379 210.2606 213.6103 208.4258 222.4762 228.1702 207.4169 219.2547 239.6028 220.5585 239.0536 221.9418 232.4044 203.2897 210.6508 221.1213 225.5031 232.3913 222.0807 222.5512 224.3589 221.1832 225.3483 227.8233 157.3262 223.6 232.2067 222.009 146.9381 142.3878 142.855 139.2052 136.821 136.6963 142.2015 218.1452 226.9706 223.1762 227.2622 220.1612
225.494 227.0166 227.7223 223.2804 233.8339 227.3223 226.9652 225.1369 230.5616 171.6799 230.5961 227.2425 229.0802 237.6123 227.6544 234.6392 231.9026 220.0917 229.2505 227.2885 167.6717 219.8524 221.2731 153.0635 155.7053 198.5343 202.34 218.926 223.6954 211.4833 221.1202 236.7772 225.1937 230.6952 224.0927 208.1984 227.1502 223.0735 226.1299 231.0278 227.7941 225.0488 227.5835 229.636 163.89 163.2251 158.9311 209.3766 231.7196 229.4251 222.6395 212.6001 201.2886 226.562 224.4464 220.841 220.9016 223.3841 137.9693 139.1849 217.3717 227.9719 217.0674
226.726 198.5853 205.1748 219.5986 219.2124 231.1944 233.5 234.5486 222.8569 168.9741 202.7449 211.2362 232.8849 229.0418 219.19 231.4598 225.878 217.4224 227.1796 182.4088 174.8056 221.0706 194.2246 224.1405 161.0254 214.8183 219.6365 202.0997 204.9658 223.5891 218.6294 220.9648 233.7782 229.8695 231.6181 225.566 237.3165 225.7661 231.0232 229.8895 218.2579 223.0258 159.3022 162.6675 230.7755 222.6337 184.2572 218.5605 229.8955 229.6104 216.5911 209.9784 207.4443 207.2907 200.1665 195.8711 194.8287 154.2225 224.3665 217.7701 140.6073 138.1564 115.6689
202.328 227.6964 212.7033 204.1006 203.1486 223.0166 223.9934 221.6014 186.5437 204.0324 212.6126 216.5413 208.1746 214.7332 222.6815 228.7538 226.0362 198.0555 187.0427 175.7598 224.0275 223.8384 197.0096 210.8371 213.7283 153.6785 214.7139 215.2687 212.3079 213.5057 219.1499 219.8618 223.7832 231.7797 236.1368 234.4534 229.3619 229.5513 222.0255 216.0106 210.3592 161.8333 222.6745 232.8236 232.5224 215.7284 186.4602 233.6286 231.3398 223.8559 217.9629 214.2255 211.8438 214.0696 229.9487 229.4557 210.3849 161.488 228.713 218.3322 204.515 171.8437 176.207
233.7613 232.7038 226.2563 218.407 201.0742 223.1138 224.087 219.6115 185.8053 214.0492 234.3374 215.167 222.0263 224.5732 197.6777 224.9837 198.6661 223.3323 188.965 218.2357 218.1754 213.2758 212.3404 219.1251 224.7853 195.4732 146.1064 218.6965 222.2435 219.9772 200.3187 218.2336 218.9433 222.9823 232.0091 225.6964 232.0921 231.1745 219.8933 161.1981 164.0896 223.4796 229.8028 230.8658 221.8192 186.0466 219.4361 233.8893 231.0871 224.6025 223.9265 221.7277 218.8274 225.7061 228.7227 217.2712 155.3318 226.3693 219.6255 215.1294 219.3153 181.4066 219.6095
226.3965 227.5592 234.0508 220.3771 217.4082 217.9377 231.1774 204.9246 199.7979 218.4144 216.1582 222.9715 228.851 222.7484 197.4062 192.8109 227.1575 193.7027 216.0335 230.0692 230.0244 223.638 221.1603 232.3134 210.6228 229.2117 160.9293 200.1273 216.0453 216.7094 208.6324 213.8951 204.383 226.4122 223.1646 221.7579 211.7978 220.3693 152.517 220.4416 220.8107 233.5415 225.0358 215.4644 193.0585 210.2201 233.8809 230.0183 227.7175 230.5367 229.0536 228.4533 227.785 230.5942 214.9465 149.0628 211.1414 226.0583 215.8633 223.8092 219.5449 186.3065 208.2288
220.9986 228.4093 230.1295 232.1915 218.9653 228.7163 210.8563 200.2384 217.46 233.8058 215.5454 214.2806 224.6741 201.0248 224.3556 217.2176 195.3318 222.2977 221.4381 238.3475 237.1721 227.8416 226.458 218.8864 229.278 228.8116 227.0441 146.2072 225.3755 219.4433 212.5801 222.701 218.9558 200.6607 231.5479 235.0283 224.8429 154.1791 221.2782 235.4857 226.0482 233.0919 235.8149 202.1747 221.686 221.7852 224.0767 226.8005 218.0766 213.6279 227.2193 228.3206 233.1243 217.6646 148.4691 230.3176 223.3028 221.8168 230.8628 223.6953 211.2287 194.0872 211.3778
219.5584 221.6029 221.8027 228.4631 228.0191 226.8415 208.8121 217.6024 226.4658 231.0222 222.1484 223.4626 217.6056 222.581 229.877 198.1881 222.5654 230.8701 229.9562 234.0803 229.5117 229.2671 230.698 229.1856 228.588 222.2112 212.6539 121.3393 211.5419 221.5011 218.5686 213.8128 214.5539 212.1699 198.4891 199.5395 193.5551 163.4489 227.0735 233.9818 230.306 224.7494 207.9066 223.1426 229.0267 227.7379 232.2926 230.006 234.3335 224.6627 204.4137 201.7899 201.8416 158.2608 219.781 223.2766 228.5063 226.7342 227.9345 209.3083 196.2016 234.8718 224.2799
215.9936 213.8622 237.2832 228.7239 232.6349 228.5371 222.1845 231.9171 230.0064 229.1698 233.3293 234.7799 226.1892 235.1035 217.3157 207.4891 228.7567 237.1613 233.9216 231.7685 218.7896 226.2693 219.686 229.0444 232.4221 222.1475 158.6889 213.4899 191.9477 178.1011 204.5901 222.0349 226.6237 230.1748 223.9745 217.7485 162.319 197.2237 214.0565 226.3585 223.7201 223.8819 219.3246 228.6834 234.5961 230.8194 228.0679 230.3297 233.9409 233.1449 231.8476 223.3704 216.4127 158.3043 224.8742 229.8942 223.0311 216.414 208.8965 189.9273 226.4393 228.8416 231.5966
212.2708 226.4688 222.7721 227.7595 234.2243 223.5747 224.9148 235.8444 231.9361 231.3434 232.4496 230.421 233.1309 235.8986 227.0953 210.907 234.4946 224.8967 226.8747 224.3719 217.5109 215.2695 229.9495 218.7045 224.2836 164.3073 202.3403 228.4483 228.3443 208.0534 220.5362 206.7058 218.3253 221.6602 216.3909 170.6855 211.1324 220.9542 193.373 201.5404 216.1244 217.1615 228.959 228.2758 229.1934 222.5874 218.6762 225.4943 226.8479 225.4814 232.4955 230.295 158.5967 215.3509 226.5174 227.6657 224.9871 223.8394 192.6728 210.6461 222.1272 216.1746 213.3412
222.0504 219.0108 221.539 226.0243 233.4263 211.6665 225.6259 219.1921 225.4831 226.9587 229.1851 236.2276 227.6694 230.0838 226.651 225.9205 226.7155 217.8747 230.7919 233.0871 224.3786 213.883 214.7294 225.2229 204.8471 163.3493 212.2245 228.1829 221.54 231.8573 223.6115 211.2999 199.0477 189.1327 172.3758 204.7236 217.1245 231.4829 218.0463 187.4476 206.8479 218.3098 218.5207 214.1969 214.0152 212.8358 212.0952 206.933 203.0463 197.1361 182.9811 162.3292 203.2556 227.4747 230.7534 224.1272 202.7254 193.0475 215.7013 226.6849 213.8828 209.8804 205.0176
204.0516 211.8589 219.7723 224.5417 209.1555 215.1308 210.8467 234.8502 218.8649 208.049 217.1516 225.4061 236.0349 221.7423 230.1181 230.6626 226.9793 220.8943 221.7743 215.3372 234.0576 219.5971 213.7594 211.643 127.2064 221.5319 227.9516 210.8367 227.1956 230.5304 226.288 222.5796 211.3148 178.6106 212.7648 212.9031 212.8859 212.9648 223.9106 190.8896 223.7236 211.138 220.4186 221.4743 219.4732 216.333 215.244 214.0777 209.3371 193.201 171.3246 218.8054 209.4516 232.2177 225.6162 204.7558 230.5983 215.771 227.7537 228.5111 229.551 218.6218 193.714
223.277 234.1135 218.595 208.1734 213.7514 205.2909 211.834 214.8925 194.8486 203.6595 214.65 219.64 223.9004 232.2014 204.4468 225.9945 223.0069 217.7218 207.321 208.3994 203.4559 200.5968 195.6099 172.4627 180.1263 229.0134 220.7546 216.701 220.2278 222.4162 224.7921 236.7808 182.6268 225.3383 217.4773 216.6245 219.6382 222.6231 200.9598 207.1682 223.4581 220.3894 220.1776 230.8183 225.8425 220.5184 217.9045 216.0466 209.285 169.3376 235.3304 222.5263 233.4448 206.4276 217.2887 223.3777 232.3441 227.7883 222.2648 229.7837 221.2921 196.9766 204.0879
148.2819 185.6274 185.8296 193.5128 197.2673 206.8344 230.4948 193.4221 227.0325 235.2776 212.9472 217.5186 222.2383 225.3617 228.7282 226.8065 228.4631 223.1494 219.091 233.5425 223.7137 196.5763 190.6671 215.0938 192.8915 189.8211 206.1583 209.8249 217.9899 207.571 230.7423 225.6331 181.5979 235.4305 222.2061 222.3902 227.1914 235.0248 207.8986 218.8025 219.8955 218.5029 222.8609 231.4113 226.0519 219.7012 216.729 214.9401 171.366 211.2961 236.7993 227.253 221.4208 220.8735 224.1263 229.3949 231.1187 229.8997 230.5207 216.6298 205.5689 210.4326 228.6732
138.4681 218.2059 226.8306 215.106 221.8909 230.2464 191.7584 216.4294 237.7407 235.8871 232.955 234.2416 235.0374 227.1034 235.0446 222.999 226.1331 230.6208 224.621 203.9018 201.386 223.5992 224.553 228.041 208.0656 198.8328 190.6751 205.4487 216.9298 203.4766 229.0422 219.3339 181.2455 234.0123 224.9301 225.3138 233.4609 225.9982 216.4569 229.7334 226.4555 227.2825 219.0977 222.3455 220.076 214.8614 212.4014 209.1589 171.251 223.1151 229.036 236.3324 227.5636 225.4325 230.5383 233.4098 226.9581 226.6221 225.3044 227.3195 207.2132 219.308 211.536
157.0722 156.691 212.1588 217.8568 229.2393 189.7207 199.82 212.8385 219.202 228.2818 227.4463 227.7456 236.7643 223.7208 228.2207 216.7071 227.981 223.1836 215.4025 224.8031 235.103 226.8924 226.4689 233.2765 208.6069 204.8522 215.3041 211.702 215.9178 213.9449 213.5067 171.3143 219.6505 228.0982 223.4744 223.6216 225.2311 220.8354 230.8656 231.4742 223.1052 213.0455 205.5943 216.2717 232.4643 222.8311 215.9568 170.7147 209.6701 230.057 228.5846 233.7004 232.0066 231.1143 234.3599 228.9474 223.434 213.2083 207.2026 212.7246 234.658 233.389 232.1748
167.873 201.2175 163.6447 161.1764 158.1467 195.8564 229.4485 231.8812 233.1782 220.7453 221.4092 227.0205 235.7791 218.2846 210.7682 224.8343 230.3697 221.4239 217.4303 226.7894 226.3714 225.1849 226.0173 207.1922 210.3809 222.1786 222.6229 228.1596 221.3597 221.6574 202.9184 178.7844 193.904 221.5905 221.1826 212.8062 207.1709 223.8509 222.7081 219.4967 233.1214 232.4586 228.9458 202.4415 199.2048 195.7038 173.4467 221.4357 222.0253 230.4622 233.8955 227.6173 229.3076 235.0695 238.4964 239.4093 237.7377 235.0669 226.1078 196.8725 221.333 238.1223 228.9451
172.0464 208.3678 228.6802 222.9069 213.9377 164.255 160.3952 173.1401 174.5995 173.793 172.4936 228.8475 197.0839 204.3472 218.2034 231.9979 216.3398 220.4735 225.5604 217.8914 223.1252 214.0267 209.3109 224.7379 217.6878 227.2464 224.7019 224.5741 215.0239 209.8155 180.0511 214.2622 211.5199 185.361 206.885 218.1849 207.0923 222.9375 222.1804 220.1019 210.1492 206.0757 199.4588 226.8312 226.5215 171.3186 213.6286 226.8272 227.9164 232.6913 217.9611 226.6767 235.4123 231.7945 232.8504 232.2206 229.8043 226.5465 234.2524 233.4397 191.3149 226.1422 223.3997
167.7449 207.8805 236.8998 228.7704 221.0169 224.7216 208.8412 184.2031 205.58 218.3345 228.1701 168.7066 180.9287 184.9574 188.4112 194.0404 207.0739 218.5313 221.9002 215.1864 225.9079 224.3447 219.6151 209.5611 199.4038 189.7464 218.6894 213.8842 209.9524 204.5492 209.1979 184.4888 197.5601 207.5662 205.126 214.4689 208.3336 213.5689 229.0457 224.6523 221.4089 216.9797 210.7914 190.3176 167.5926 208.3048 223.0774 231.7642 227.9077 196.642 228.2282 225.7628 228.9921 221.8598 208.377 204.129 195.859 189.9433 191.5881 225.7789 231.2559 191.6186 217.4982
160.8151 212.6298 227.4551 236.6039 224.1983 230.1295 212.3967 215.0446 192.2758 214.8835 232.3608 216.8621 184.8746 212.1489 230.6611 209.4598 210.458 217.5128 197.5255 222.8507 214.879 217.3411 222.3346 220.4397 226.9125 227.4648 219.5487 219.0804 214.5641 227.3866 229.4648 218.9822 195.5035 195.9569 217.5919 207.816 216.0749 215.97 215.8898 232.937 226.1322 219.8981 196.1631 186.1107 199.6844 221.1015 230.9904 224.9921 213.7441 232.0674 234.3983 232.9401 215.4113 214.7555 238.8159 230.2757 226.918 225.8709 222.9118 191.664 185.3864 172.4274 121.1067
159.8351 235.0601 220.6253 237.2128 228.6595 237.8573 213.5148 217.3503 194.4584 221.8827 215.7113 221.9265 188.4772 205.5855 217.5917 230.8057 217.1678 226.5538 219.3265 221.4116 222.7996 215.0781 209.8132 218.95 224.2667 224.6588 218.6279 221.1698 225.4198 207.3367 212.1692 222.193 227.4522 215.8192 198.1295 217.162 225.9653 219.8711 215.3075 207.0068 206.5058 200.3622 209.0843 220.3074 215.5245 212.6676 226.6673 216.5684 234.5369 223.7698 228.2946 235.0442 231.8474 232.5441 236.8244 235.5404 231.375 233.5349 236.5427 235.7016 212.8268 139.1969 226.1716
164.6833 223.2538 231.0718 223.4675 236.141 228.6122 221.0072 219.8171 193.9489 227.5329 221.3015 232.2755 189.2344 215.7985 217.8173 223.0974 230.5238 225.3906 229.3665 223.7021 210.8966 203.2924 190.6516 212.7173 219.0214 219.2665 213.6982 214.2752 223.9249 230.6349 228.6485 225.6696 213.9399 218.3893 219.0421 222.5286 221.1622 213.0177 227.4874 226.7208 218.1202 216.2876 225.8718 227.0455 221.5394 224.5744 226.0341 231.7386 223.6294 215.9738 217.4789 218.7168 228.8122 238.9363 230.5693 228.6801 236.2951 236.7105 225.6587 216.7054 228.5314 140.7357 237.2565
170.2265 202.4455 239.9195 235.7023 224.9893 234.3623 223.3997 222.9837 192.4192 233.9154 224.7917 233.0537 201.6044 199.2246 224.1414 225.1643 229.4614 229.1756 215.3674 210.8935 206.8591 202.2552 192.8272 173.155 177.0029 209.3529 200.2993 216.3837 223.1489 231.8212 222.6834 219.0097 233.379 228.8261 224.849 218.3671 212.1599 198.0251 216.5669 222.3546 211.3293 213.8974 222.3947 227.3084 222.7304 229.4692 230.2406 236.7419 229.1978 222.4041 205.1564 210.5676 211.9449 220.2257 225.4233 220.3434 211.4935 189.7254 185.0673 224.3188 120.499 213.2737 221.2241
172.2609 209.0977 204.8424 210.9313 219.9008 230.5799 224.5308 227.0304 219.8466 189.6041 227.8465 231.9014 207.2023 215.9462 209.3067 233.9809 228.9224 224.4566 234.0123 233.5068 234.2803 223.1024 226.4321 222.4328 211.2503 171.0356 188.8691 210.9605 217.5603 215.1223 231.3489 214.1005 224.9616 225.0694 222.3512 228.9302 228.8983 227.7116 189.9982 221.1899 209.8765 220.6082 222.5677 217.2079 208.2955 227.2545 236.8011 230.0203 223.2012 218.4297 212.6008 199.6821 204.6155 197.2013 193.5764 191.3983 192.9983 231.5312 217.3649 128.1067 176.0864 220.5172 222.1794
183.5858 193.5122 210.714 211.6674 220.5871 221.8395 228.8918 230.7973 223.3351 189.8097 229.8763 216.8461 223.9103 224.4329 219.6545 226.8046 229.8209 234.8321 226.647 219.6715 233.6453 221.8669 166.1501 165.8653 164.4465 161.3284 152.6345 153.3649 210.8233 211.9804 224.0244 212.032 219.1436 220.1634 218.8226 229.8478 217.9223 209.0175 184.1623 208.0978 198.2148 208.5642 220.4955 213.5393 224.8775 232.3278 229.7234 220.7746 214.4812 212.0698 209.3368 206.718 195.7141 222.8874 213.7711 229.5702 234.3565 217.2029 138.0092 192.202 197.8848 223.3468 228.2811
