Params/WM.asc
ncols         653
nrows         607
xllcorner     103.7045833
yllcorner     22.118750033333
cellsize      0.00083333333333334
NODATA_value  -9999
[rows 448 to 475 of 607, columns 63 to 125 of 653]
214.9417 206.3685 185.6214 233.1014 219.2089 210.5305 215.2689 190.1922 237.3793 237.8378 236.2986 234.8238 216.5444 219.8111 223.265 228.1305 234.4744 232.0951 229.6922 226.7989 213.4104 230.8046 236.7667 228.2802 225.8237 234.2807 224.5175 231.2147 233.6361 235.2087 224.4785 168.6265 211.7378 223.7616 232.3088 205.8679 228.8088 229.7266 205.0425 170.9125 230.5694 218.3721 214.8428 214.7452 218.7036 222.5272 217.6756 119.9582 134.4199 133.4855 135.2964 138.2636 142.6418 195.8157 199.5817 224.0138 217.4951 214.3435 224.4369 239.7287 233.8209 229.6459 222.1667
223.2657 207.0345 183.8862 230.2728 223.3485 214.6698 222.0966 202.7288 198.4408 208.6451 209.1502 210.8919 214.2928 218.9686 227.7817 234.9299 233.2177 234.8772 232.7397 232.0999 233.933 232.8208 232.159 232.9531 232.9982 226.4917 221.1858 212.9803 210.0477 208.7483 203.5916 197.9649 163.7695 214.3373 221.279 230.0019 201.9679 228.1874 228.2289 166.1548 216.3449 207.9079 204.6415 205.222 208.0501 208.8242 119.4046 190.3569 211.4671 206.7728 229.3346 213.6088 237.8046 230.6759 225.2236 216.5227 241.0633 228.9601 234.182 233.1258 240.6915 231.4532 230.5484
211.274 201.1244 215.0417 197.7443 235.4407 220.3102 229.8772 224.3974 208.069 208.3479 216.3156 224.889 236.9628 232.0526 231.5844 224.5169 225.3905 227.1955 234.8368 227.4415 229.1941 229.4008 237.2029 234.0838 230.8115 234.2682 234.3781 233.0892 234.8374 226.0839 232.6296 231.8784 220.9578 164.9641 226.1066 213.1775 195.2417 223.7759 217.0219 206.1496 162.4852 201.9641 199.6196 195.1232 122.2982 132.2054 211.883 233.3056 205.5497 222.2197 214.6298 228.2787 232.1322 240.8175 231.959 227.4867 233.5693 240.2224 235.723 229.5081 226.1725 226.5309 227.8378
229.1315 205.8529 221.8767 221.0798 206.0907 224.4072 238.7388 231.1972 226.4247 218.5462 229.6935 237.7377 230.81 227.4447 219.3916 220.9581 220.8842 226.7447 234.1815 234.9165 216.0483 223.3774 228.8704 227.1916 231.6652 223.9201 216.6696 212.6211 234.5006 226.4164 218.6943 214.492 210.607 184.1555 158.9165 222.3424 205.1321 190.8284 223.515 213.335 198.9299 161.5717 123.6182 133.2548 233.2347 224.239 230.9608 237.7631 226.6694 214.1049 236.0217 226.6707 240.277 235.4253 234.5017 235.0341 230.5514 223.5109 230.7223 232.8826 223.7923 228.3194 220.9494
237.5819 205.4149 226.3612 226.6102 210.5119 222.2551 228.3718 238.5921 231.3661 230.8454 227.1598 227.1469 225.1576 221.5177 208.6732 217.658 221.2431 227.5186 236.5535 227.8587 236.5063 209.25 222.584 216.8795 230.3055 225.068 230.4981 219.8574 205.6491 203.0147 199.9263 199.1523 198.2884 236.2123 216.5219 164.9179 159.8551 155.1805 219.738 219.7969 206.5172 121.4802 207.9571 223.9383 235.9705 235.8306 232.3026 226.3439 226.9365 222.9827 227.9835 237.9491 228.9285 223.4757 228.0009 225.7654 231.2423 235.2573 226.0714 211.8143 226.3057 227.4313 232.6337
228.1516 207.229 231.1442 231.1688 220.5321 219.0093 227.8869 235.2416 232.2529 230.2467 222.2186 220.5054 219.5478 214.8636 198.4531 215.6844 233.0034 222.1058 229.1465 224.2723 228.9661 207.8445 217.3867 210.6587 232.0532 221.302 219.0912 230.2458 236.3102 223.8398 237.1812 236.7604 235.9369 236.3791 236.6447 233.7047 229.3604 227.645 158.99 212.8833 214.0782 120.845 208.7054 219.8997 227.4036 233.9153 230.614 225.1972 210.8947 227.2815 231.5667 229.6463 232.1246 226.7493 223.4065 235.9929 227.1529 226.3999 206.9867 228.7582 235.2251 230.4832 236.0802
212.7972 219.6726 237.3155 237.1234 223.4862 227.7938 232.0235 223.3805 213.5513 226.2107 230.4387 231.6998 211.4133 209.9939 190.2733 221.0604 230.196 217.471 223.7327 220.6429 223.511 206.5505 205.2982 226.2761 234.2029 220.7163 232.7495 223.7246 220.8813 231.0878 232.8297 223.8711 231.35 230.9784 231.6307 223.6673 215.1889 225.0379 226.5221 161.4555 157.0842 120.7707 213.9518 223.7785 234.3066 225.9104 224.9903 217.8143 228.8433 220.0056 228.3327 232.2814 227.3444 222.2237 216.9635 236.8512 222.2021 218.8511 201.8005 229.457 235.0912 225.4081 236.1984
220.9626 226.2251 229.3052 226.4596 220.8072 215.0797 215.51 226.2791 229.967 223.889 220.0336 231.7578 203.6258 185.3565 226.2684 227.2591 225.058 207.5233 216.0587 216.0118 219.5412 205.5918 203.0021 236.3622 227.0011 214.3254 233.4649 223.549 227.7539 227.1954 224.8307 221.4759 209.763 204.0484 232.458 232.87 232.5317 211.8683 226.5503 226.9397 215.4657 116.7931 219.1694 230.9772 218.4623 219.7258 217.9379 227.9738 221.7132 231.0534 226.1804 231.8153 217.8476 218.6675 214.5817 228.4735 218.7897 197.8007 226.677 235.7472 235.7578 221.8633 236.1174
230.1686 226.5026 227.3429 220.5384 229.3584 231.1314 231.7037 217.263 221.4285 230.8783 218.0357 207.0804 178.2823 214.0406 225.1699 211.8221 221.9323 227.4287 203.6214 203.2481 215.2003 203.9153 201.0065 235.8672 209.6771 226.357 233.4376 216.4004 232.9382 228.9798 233.0074 234.6087 234.4096 225.2408 200.818 224.9441 224.4581 212.0079 204.0264 226.0949 225.5293 119.6859 225.6169 211.3817 212.6864 230.9168 208.4811 214.2573 230.0983 228.6181 234.6163 233.6999 212.5016 215.0041 208.7979 235.4159 195.7659 224.0927 237.7746 227.0712 236.1019 219.7166 237.8885
221.9475 226.1843 230.171 223.2402 211.1431 217.0398 230.9599 210.6957 217.7106 232.7473 222.4632 175.3148 187.7669 191.0082 197.2058 215.8629 220.4602 218.5759 230.2365 205.8237 199.1599 201.5676 199.9745 235.8236 204.868 226.8406 234.9036 215.3319 222.223 235.1259 236.8316 228.6277 235.9364 235.286 234.2346 196.7555 191.1802 189.2162 180.1829 224.1124 215.2602 119.144 193.6272 205.0428 225.7932 189.8813 200.8105 232.6589 224.9733 240.0166 230.2414 234.9806 225.2083 200.3407 203.2978 232.5565 192.0344 217.0892 224.3053 226.8059 234.6416 234.9357 213.3169
235.1147 233.3775 222.9027 231.3355 223.6558 197.5789 228.8119 222.9811 205.4654 225.6689 185.5468 195.9496 226.3022 225.8099 228.0878 222.0869 216.6955 209.2697 218.6452 227.7195 207.1317 191.736 197.7749 203.9774 219.885 234.079 225.9598 208.6073 237.0113 226.8029 234.8046 221.9962 222.6076 228.3024 226.8437 229.28 223.821 227.4499 217.4391 180.3631 211.0104 116.5794 219.3495 213.6399 189.807 226.349 228.5709 223.3199 218.2205 228.6122 220.3943 235.7088 232.9853 195.2625 196.8542 189.5835 228.0069 204.9929 234.8418 216.4685 233.074 232.5881 224.3216
235.791 226.5556 235.0008 220.6187 231.2307 226.8412 192.058 192.9748 193.7419 202.7152 179.7136 222.7371 212.479 219.3077 230.4299 223.6495 222.234 215.4217 208.366 205.7796 201.4713 185.6263 188.1559 215.9386 232.2525 223.2502 218.9482 207.0975 220.626 235.8017 228.7634 230.7231 213.1805 205.188 199.8578 194.7113 230.8935 222.5092 228.6819 210.1914 120.5869 212.9138 203.2563 221.1153 189.6091 219.0653 134.5371 129.4842 131.9727 213.6211 211.105 223.6236 221.0958 188.4875 130.5536 190.4271 194.7378 231.3564 232.7565 211.5322 234.7376 234.1818 213.7945
233.7475 220.0813 234.6594 215.1449 225.8967 231.4418 225.5802 228.4181 233.5866 195.9474 175.3926 205.9298 227.8352 235.9317 229.2085 209.5467 226.4069 235.0288 230.8887 225.5095 217.6424 190.1459 172.6156 224.5079 218.7632 231.8671 232.8347 201.6209 213.8722 228.9046 233.9941 233.0975 233.1809 229.1716 231.0786 220.7555 189.4056 215.8644 226.7857 213.1754 118.4963 214.0183 197.5806 208.6974 124.9344 124.074 184.5146 200.488 216.5913 124.0942 125.9498 125.9541 122.1576 121.5046 174.8023 127.6178 131.1277 135.7941 137.014 137.9929 138.9653 135.2016 123.0408
229.9031 229.825 211.7612 234.1159 210.4797 228.9848 228.098 236.0405 229.5511 196.6129 174.3958 221.578 228.8373 235.0527 232.0407 226.9524 227.9189 233.1548 230.21 225.5154 216.3728 210.5163 163.6875 215.1831 225.7061 234.0633 226.1865 200.081 206.1352 227.702 235.4288 236.7821 223.9854 234.0597 226.4945 230.4457 223.9682 186.0825 213.6946 218.6473 119.2464 214.8366 117.5113 124.8754 173.2944 184.4465 179.3092 195.1538 207.3546 213.5912 222.8572 176.431 195.5496 179.345 185.812 179.1496 172.6562 193.9808 181.1813 182.1945 206.0034 223.214 214.3454
228.4018 225.7556 221.3068 212.3026 228.5008 206.9586 223.3789 237.9029 230.3017 194.3563 176.9958 229.1773 236.071 227.5774 228.8743 234.675 227.129 236.9621 236.9617 235.1887 234.2678 227.4665 217.7115 166.3774 233.4447 225.5433 221.2387 200.154 205.0311 217.491 232.8909 235.4489 215.4693 225.4644 225.3306 230.4031 232.539 220.859 177.6273 120.49 213.6032 123.8767 191.165 204.4687 223.4887 185.0648 185.9216 180.0762 197.8393 214.3325 223.6221 179.6954 215.2273 200.6469 181.0042 188.7272 182.994 175.2455 197.066 208.9555 189.355 218.1396 222.8855
232.8246 230.981 225.163 223.13 213.0772 198.7215 234.6726 236.6224 228.978 174.9586 222.4505 238.4246 236.6075 218.0846 230.1237 235.4696 236.0381 224.0432 230.5447 228.9717 232.9851 233.2854 225.7067 164.4286 218.0674 218.5921 215.7517 196.477 196.0168 231.7751 231.9882 222.4274 235.1845 208.0329 221.1229 223.6568 227.9429 222.5361 123.4859 213.7539 122.5218 201.8909 225.3859 204.6948 214.666 228.8561 186.6285 186.3373 180.7262 200.6561 223.615 181.098 226.6911 218.8436 212.3472 184.4445 192.8394 184.5788 174.7158 198.0683 214.763 192.7759 228.2347
237.2371 237.0639 228.7097 223.533 219.765 193.943 227.2139 236.8474 227.486 172.4474 223.2931 237.4142 228.4335 211.8977 229.5728 235.8438 236.9717 228.8387 220.6204 216.9293 227.5434 233.5413 230.2499 228.0905 163.0276 164.6474 205.8952 177.9193 226.2851 228.365 233.3685 215.4068 234.495 204.0451 209.4451 232.5132 230.4443 230.1082 108.1725 127.5934 192.5958 226.0162 216.3105 231.3856 216.2511 232.0188 214.9399 188.9037 188.413 182.2586 203.8763 183.1548 209.1499 228.111 220.6473 214.2828 188.1656 193.759 184.4974 176.3306 202.3271 224.3836 192.8431
229.5879 229.1109 222.4321 233.1202 214.5022 189.2586 221.1365 236.6535 217.6698 171.3104 235.5626 235.5595 207.3375 225.1678 238.9569 237.1166 224.217 237.2879 222.6117 215.0034 208.9077 226.4912 232.7073 228.5986 228.1608 227.0212 154.5818 223.9959 226.7838 224.0032 235.0784 225.4498 206.6135 196.9801 202.3248 221.3738 221.5919 224.2658 112.7444 215.6736 191.8632 200.5117 232.4494 234.2573 226.7596 233.7646 223.4292 201.6911 201.3495 192.4095 186.2329 209.3451 185.9796 214.0797 229.2469 223.0114 213.8728 196.0743 198.5621 188.7731 179.4603 206.574 211.8506
223.66 223.7891 218.4698 232.0716 232.3363 224.7991 184.8003 212.0559 211.4938 172.4254 234.1076 225.6353 202.5282 230.5364 239.7231 228.4051 218.7595 226.8965 235.2642 217.813 211.3878 204.3197 226.7696 226.7017 234.0196 214.3578 155.179 225.2948 222.3432 233.8374 216.9712 218.098 201.165 222.8008 182.2969 113.9161 108.4146 115.709 177.2262 223.6874 224.7097 197.7561 209.1446 213.4252 226.0734 232.679 233.6177 207.1649 207.4877 200.7693 224.1727 190.8686 215.6657 188.68 221.5371 232.7903 221.7796 221.2385 203.6183 203.5833 192.2699 181.4171 213.1999
204.7041 218.2031 216.0479 227.774 234.2397 233.4023 232.3543 186.7566 167.6453 223.5715 231.7109 218.3543 198.245 218.7645 223.9677 236.0512 234.2223 209.2079 233.1919 225.4383 203.1149 233.2816 201.0441 218.9869 161.9724 151.361 215.0913 227.0417 222.6486 218.1204 205.7643 117.3639 107.432 110.5376 120.6828 211.2628 204.1386 229.6781 192.1306 181.1933 199.5559 205.778 206.7568 220.5888 221.6329 232.7287 233.6664 213.7755 213.6659 205.0888 235.7318 205.9779 200.6754 224.4107 192.7531 234.8033 228.1883 228.7793 208.2443 208.5562 210.8931 200.1095 186.8077
196.6629 234.3466 213.4941 223.0987 226.5699 233.4639 226.9205 226.0417 164.2342 217.6753 228.7343 212.6355 191.5968 232.4203 214.7866 235.6952 226.2806 208.2343 233.2426 224.4486 199.3464 229.9152 155.6096 151.6109 210.1856 219.0761 229.979 223.7464 221.0987 117.909 110.2039 202.57 211.7004 215.1495 234.4144 207.2096 219.4099 206.2478 196.3537 199.2102 205.0619 227.6519 212.0398 216.2619 223.2298 227.1465 235.1718 219.957 218.1145 215.1106 216.1443 208.7471 203.941 234.5132 195.6613 227.7886 236.7127 237.5653 212.2309 213.4533 217.3714 207.1266 192.8557
225.2916 197.8876 211.5491 212.7432 234.9163 233.8473 227.5318 213.1897 163.1891 230.8078 229.4491 209.5328 189.5684 230.6937 210.3957 225.4757 220.1365 206.2565 224.5903 231.6977 216.4264 155.6003 221.8196 217.9505 222.5022 230.6652 218.1838 121.7785 97.80737 186.4363 201.2527 230.3705 218.6369 225.9505 235.4099 209.487 226.2692 211.6533 200.0452 202.5364 226.6951 204.5247 236.1169 214.1281 216.7477 226.7799 234.9944 223.3955 221.5052 218.5374 220.0512 210.4892 208.1549 220.4433 198.3978 223.679 238.316 230.5299 220.6864 218.9451 224.3323 211.5538 226.002
233.4493 194.4306 207.8515 209.2948 225.8022 235.2093 227.294 204.9424 163.5602 230.8076 221.5682 205.8055 187.6877 220.2763 206.829 219.0147 215.449 231.9689 199.9455 221.2081 228.9824 158.0347 229.246 221.5417 220.8231 227.2952 114.1852 217.6585 209.0677 220.8097 207.293 204.5255 215.7787 227.3627 237.1737 211.9035 234.8752 215.4815 212.523 212.2207 202.0703 232.7211 207.1106 239.1957 214.303 216.902 235.6189 229.191 225.2596 221.6709 224.3319 211.9435 209.6823 227.9543 204.2146 225.4402 232.2279 240.9509 224.7803 222.5034 228.6013 212.4127 230.8895
223.278 232.3264 187.2886 204.8657 219.3253 226.1094 220.2463 200.609 161.5933 218.9903 198.938 224.7598 185.3922 213.4885 203.4338 213.5284 210.6575 221.2906 198.3929 231.334 213.5451 161.5309 221.0397 215.2546 212.8227 221.3295 106.4173 209.8442 215.8847 217.9734 233.3978 214.596 222.2691 224.1529 238.2777 228.3246 218.8638 219.4809 216.4471 230.6418 220.176 204.582 219.3056 221.5301 237.1624 216.6057 224.93 238.5562 229.7167 224.839 229.2797 213.6388 210.6732 236.0156 212.5418 217.4967 232.8881 239.6422 226.5672 223.6454 231.3935 211.4633 238.415
229.7762 213.2566 185.3758 201.3169 213.1385 217.7273 210.7026 156.6233 207.642 193.3109 221.6786 215.5103 187.4884 212.989 204.455 212.0293 208.2393 228.5956 214.2982 117.1532 102.7531 101.4479 97.93453 110.175 109.793 113.1128 203.8576 216.1926 226.2514 227.8363 229.3409 238.5379 225.4826 231.7206 231.3111 238.1413 224.3308 224.6513 219.278 239.687 225.4721 211.2623 222.8967 224.0277 229.5703 229.9863 230.3793 229.3989 237.1533 228.1307 236.8392 215.8353 213.9403 233.7218 213.0056 231.4353 227.2797 238.0823 229.4882 224.7834 237.8988 211.4526 237.3156
226.093 217.752 182.2775 199.8601 207.5493 207.9183 153.7476 219.83 189.9266 212.1016 224.7919 230.361 190.0008 231.1338 195.699 120.6952 219.7133 226.0113 108.1978 216.2718 224.5975 226.067 225.4332 140.8103 217.709 221.0137 231.8929 233.2849 234.1232 235.6573 236.2042 236.263 237.7003 238.1752 237.294 235.5581 229.1165 230.6489 225.5399 239.0356 230.0559 228.8309 215.1884 228.1612 229.7324 237.8918 235.5001 233.6904 231.0344 229.7275 232.9937 221.8357 227.2097 227.856 224.0808 231.2672 239.4108 228.5299 237.1556 228.8682 225.0279 222.1194 230.3266
217.7931 228.1768 181.051 196.6806 201.8718 153.3883 219.303 187.6886 204.9102 223.7675 229.0826 213.6319 113.0528 106.2101 108.2145 219.2939 107.1344 102.3851 208.84 218.6954 220.3273 218.4258 202.4329 219.1123 140.3024 221.2182 224.2231 230.4811 233.5361 234.9958 233.7237 232.6848 230.915 230.7999 235.3648 233.1152 233.5678 236.299 236.0545 234.7161 232.8347 234.3372 224.7093 226.5205 235.682 232.3241 231.601 231.9275 225.8338 218.0346 205.5259 220.002 228.0988 230.9902 230.7078 231.982 234.9837 234.2365 233.9534 236.7195 231.5314 227.6577 240.8082
229.5813 218.2136 181.7265 194.9828 198.7427 153.0426 188.426 222.454 224.8098 208.7447 111.7688 107.9248 204.4569 217.7576 212.5883 225.5622 226.0644 169.0267 177.0676 173.8734 174.0168 176.6995 195.9268 207.8399 221.6402 133.7387 126.3967 143.3734 225.8502 228.6514 227.837 228.3427 236.0568 223.4701 232.386 241.7634 238.6612 229.4899 217.7734 224.327 227.4684 223.6901 217.4727 228.6201 230.402 231.6436 221.4018 228.5043 237.5294 228.2315 235.7063 233.4235 229.8185 227.1081 228.9404 233.5278 230.0471 239.6628 223.7928 229.3222 238.843 232.1586 233.7521
