Params/WM.asc
ncols         653
nrows         607
xllcorner     103.7045833
yllcorner     22.118750033333
cellsize      0.00083333333333334
NODATA_value  -9999
[rows 560 to 587 of 607, columns 504 to 566 of 653]
179.665 187.3053 181.3948 163.307 182.8133 175.8059 181.817 192.9292 196.403 186.6101 188.8844 190.4008 185.1367 194.513 198.08 193.2042 182.0229 169.3331 168.7381 166.5494 165.4134 160.7366 195.6894 190.9482 153.2987 185.3879 187.7983 202.7117 198.222 199.6224 198.8436 196.5615 201.7115 198.6411 136.2798 132.7205 187.2331 196.1883 192.2819 195.4087 164.5408 191.2134 198.0275 196.2184 193.3881 187.7989 192.8929 197.4147 198.1398 197.2355 182.367 190.3339 197.5413 194.2243 196.3341 198.3142 192.5582 188.7401 184.689 180.1612 169.5501 114.7341 110.5921
201.7505 199.9238 198.3339 190.5455 191.4856 199.9749 192.1927 197.1491 189.232 179.538 182.5359 184.2424 178.0572 193.5766 199.8904 190.0408 193.2119 199.6864 188.0986 181.2769 175.1022 170.2704 154.1693 153.9307 189.9119 195.6543 194.0331 199.9373 201.2092 203.2065 205.4924 198.2305 188.9094 181.7185 198.9913 177.3319 129.4901 192.2302 189.9267 179.3689 162.1443 181.0835 198.5936 189.5345 186.8167 193.1349 197.2422 199.4316 198.2383 197.5175 192.3361 176.9319 192.9697 200.2521 200.2295 193.5144 198.4116 125.7945 128.4791 127.9295 124.5772 184.8236 172.3271
194.4372 189.0942 198.1651 185.5021 187.0874 193.849 189.7663 191.777 197.1727 184.7283 169.4666 177.6637 172.2756 192.2397 192.6814 198.4404 187.4442 192.9216 200.833 194.3003 194.3056 189.6762 175.7265 186.1063 195.8742 202.1253 198.8656 202.5661 204.1734 201.4552 199.6369 202.2707 204.1057 195.6226 185.7397 199.644 185.6548 134.408 136.2346 139.0872 135.3513 160.4757 182.3304 185.6379 194.3754 196.5863 192.558 193.2304 188.2842 198.1616 198.7769 194.1522 170.0667 191.8754 199.7498 189.378 111.9121 188.5202 202.3408 195.4749 172.9697 192.9655 175.8675
188.8797 184.2357 200.2413 184.3529 184.6611 188.8564 181.3793 200.1182 198.8213 190.2979 179.4065 160.4343 161.8709 178.6577 190.5499 192.6575 200.2502 192.1876 191.2523 199.9965 194.0811 194.2795 181.1227 189.9001 199.2026 200.8602 203.8208 206.5488 194.1482 190.4583 201.1184 199.1146 198.927 200.8668 200.4212 190.8608 197.0373 189.2924 182.5135 180.7344 177.2502 133.08 126.6852 189.9413 198.5638 200.6958 185.9148 199.4949 185.7153 177.8294 194.7455 192.8734 131.0613 116.5268 117.9018 102.3564 188.141 199.3867 202.8159 196.3732 177.1797 201.9417 178.6087
184.7402 181.8635 193.6827 182.506 181.9288 198.899 172.1738 199.3024 192.3708 187.0672 177.6577 151.8084 191.7545 191.8058 194.8907 183.0049 193.2343 200.2365 190.5871 188.9642 198.9748 189.3932 194.4319 193.7719 199.0938 199.0514 191.6612 186.1479 182.8738 173.6364 168.1135 186.8934 200.0005 200.218 199.4299 189.3647 193.5967 191.1271 192.8427 198.9004 201.7116 192.6351 179.6081 127.0824 187.6235 196.5958 182.4973 122.2843 118.5305 119.2784 121.0644 127.7201 146.5549 179.9457 185.0047 146.9416 191.9207 199.296 202.2337 187.0343 188.1091 202.4672 182.5672
178.3309 177.1903 177.196 198.4763 177.806 189.2226 169.7124 190.5951 187.3433 182.9554 155.0513 195.1161 194.1483 186.2288 172.7856 171.8898 182.1344 192.1331 198.8438 192.2516 183.4736 194.4113 196.0506 192.4793 201.5065 200.5911 185.9555 181.689 178.9177 175.3074 172.6341 160.7261 155.9069 156.4015 149.4726 148.0937 146.6459 145.8873 193.779 195.0349 197.4458 199.0357 144.5337 131.8422 116.1812 118.418 125.8142 181.2811 197.4193 197.5792 162.3538 142.9617 184.493 201.6844 193.6543 148.8969 198.7197 198.3869 199.5157 192.4869 192.6923 192.1845 196.4783
136.1751 170.4923 171.7284 196.8989 193.3606 168.8226 166.3609 184.3817 181.9319 154.4183 190.1844 190.7519 197.6909 173.4438 173.5166 194.1995 194.2467 188.8541 190.5592 196.8164 193.0512 189.7616 186.4592 190.9934 193.4038 191.4537 199.7163 193.43 188.3689 184.0455 180.2295 176.245 196.4337 158.248 185.3618 167.5353 167.9704 166.4827 143.9491 142.1326 144.2921 143.9595 148.6029 194.2783 168.4523 175.5308 196.1861 187.8921 192.9095 162.4177 147.0042 192.7449 189.4343 201.959 195.1837 177.5678 149.3582 198.2377 194.0899 200.0491 196.8975 197.8742 205.4433
159.1592 132.9613 134.7926 182.9805 193.417 185.3538 151.8064 173.8675 173.6065 150.3517 179.3252 198.7408 172.6857 175.5886 192.4171 191.2251 184.6939 177.8466 188.2064 195.3485 188.7131 189.1041 188.2191 192.5922 196.874 203.2804 206.6145 198.3906 180.2235 175.6399 170.7938 165.0644 159.6093 189.779 173.1094 193.4714 201.8368 195.3423 194.1785 198.0735 162.8142 152.2851 166.9165 196.5497 171.9081 181.7911 183.4112 188.6225 158.3502 143.1551 175.8007 201.2667 194.9427 203.3275 192.2679 191.1695 158.55 159.2525 190.19 194.6144 198.2457 202.4728 196.9495
192.9893 191.7157 179.1025 134.6274 183.3939 192.5422 180.0858 150.0694 149.0905 135.8329 171.3624 187.9316 163.7881 186.9242 188.6285 185.7243 180.3633 198.201 195.8342 187.1549 178.2467 195.272 183.6774 186.4404 188.9871 192.26 190.5508 186.4469 192.5779 193.0923 189.5862 178.5208 202.9825 179.8704 193.713 200.0468 199.5471 199.6378 200.317 168.6704 164.1253 191.7697 171.2099 198.4015 176.7197 187.7877 192.7246 159.8627 184.4952 143.3419 179.5379 199.6498 200.0252 195.264 197.1384 193.072 183.7207 162.6003 160.8632 190.6671 195.094 192.8064 201.1371
172.4126 166.7546 162.7186 155.6836 133.1347 184.0603 193.5838 167.4371 190.7745 180.2699 135.1091 146.5322 156.7554 171.5867 180.7412 178.7878 193.3232 193.2442 185.1734 191.9715 175.7476 189.9326 181.9306 183.6874 188.7858 193.7596 202.9931 197.4341 196.8186 193.256 194.1539 186.5438 198.1398 187.4913 203.4581 196.3075 183.3582 175.6892 171.4664 169.8865 190.1245 201.2392 173.0345 199.1111 181.0608 195.7498 162.7703 193.3648 154.5458 146.4653 188.4098 191.0497 197.6031 201.0171 196.5485 197.1365 191.9541 186.6165 165.4542 163.6257 190.1662 189.9171 196.7432
184.9738 193.8913 192.5758 192.5852 180.5049 133.5302 189.8298 195.3266 172.7622 190.1729 192.747 126.1034 162.4362 190.5329 172.3806 169.7597 173.6969 177.97 183.7614 179.3376 189.5102 169.8315 174.1349 190.0984 196.2711 189.3028 196.2767 201.8646 195.7202 196.5381 197.889 194.3371 205.9889 189.9735 204.6647 193.936 193.5471 188.9467 175.0931 185.8035 195.4447 201.5377 175.1948 199.1126 186.4577 176.6718 168.9445 179.4267 157.4093 162.7973 152.9665 196.5607 196.638 197.5344 202.2736 196.2382 190.846 174.4695 181.1102 174.0863 180.0785 194.9799 195.9579
176.7457 171.9562 169.3584 168.3128 165.8452 159.0529 137.2867 192.5236 198.9416 193.9277 195.1662 136.4688 182.9153 191.4964 159.3031 190.5612 199.5105 198.1658 195.3376 187.3579 187.7752 178.8769 160.05 182.6734 192.0731 197.6199 192.7819 194.0507 195.4721 195.7225 198.5625 201.2844 202.5644 195.2514 196.377 197.5397 193.1893 191.8303 178.6438 187.1974 201.7834 193.8048 179.4287 192.3863 181.3055 172.0738 184.5619 171.3351 164.5872 173.6351 172.7626 152.9268 190.3735 195.1262 196.4934 195.4757 196.0508 178.5398 183.8548 177.4474 195.8673 193.6193 200.8026
198.0901 189.1372 183.0923 178.3831 193.1306 192.7968 165.4358 141.7929 192.802 195.2467 189.9084 179.3523 131.4596 156.3054 194.8332 186.5045 192.8129 192.4114 192.4497 199.1501 194.4874 194.6128 159.2433 177.9494 187.1464 187.9852 199.0277 198.9951 198.3649 195.4351 193.3477 193.1044 192.7454 196.8005 200.6908 195.9262 197.6501 186.1906 198.5531 193.273 203.5143 182.6553 201.188 186.0696 176.4477 191.6766 174.7803 181.3096 172.816 178.1214 178.3835 177.3546 156.5583 196.3909 189.8449 200.4144 197.2184 184.6843 187.1835 178.5849 202.6089 200.4653 202.5968
176.7169 172.2711 168.3051 164.1838 160.6738 158.0264 152.8156 137.4227 191.8893 198.1449 190.3027 184.1847 182.1484 131.7712 177.2022 196.6956 186.7726 199.7106 186.2086 201.2984 193.2663 200.6144 197.3483 156.7269 180.4546 184.2776 192.55 191.2352 198.3543 187.1753 192.6325 191.6434 195.935 192.5144 192.1057 197.4411 195.0102 193.2141 206.689 199.9243 191.6215 204.1226 190.98 180.2052 202.7266 179.9034 187.1456 195.1291 180.7242 182.4838 181.1957 180.55 180.0318 155.2996 197.3488 195.137 202.5894 190.0213 192.1664 182.2813 201.6687 199.9843 191.8495
194.0201 187.407 187.0301 184.5194 181.1781 197.389 189.5212 132.0177 182.8449 193.9652 192.9666 194.9253 188.1439 131.131 194.2786 178.0253 194.8844 188.4261 179.018 199.1291 199.7442 186.5051 162.7421 195.5212 194.4478 174.0442 187.2588 196.8623 184.9729 190.7963 179.0001 185.4198 188.2172 185.8585 188.2013 178.526 190.9672 197.0432 200.0088 204.4571 199.999 199.7257 188.4217 197.9405 193.7628 190.2484 192.8062 204.4371 184.3908 187.1094 185.8031 185.2873 188.1813 178.0011 164.2848 198.4998 196.5384 196.5585 198.8684 194.5625 193.2752 204.389 198.593
196.0325 193.7861 188.026 200.7155 192.567 186.3241 183.8507 178.5513 131.7469 186.7209 186.2934 192.587 194.6262 134.6995 173.9745 197.6787 195.5204 169.8427 187.7194 196.988 198.847 180.4936 162.1419 199.4749 196.1623 169.663 179.5498 198.7057 199.5451 184.4884 173.3048 180.7346 183.3775 179.2421 190.9714 186.7096 184.4435 181.6943 179.8157 190.8442 201.8782 206.5805 194.651 205.3578 198.2016 194.3326 198.4136 197.7138 193.0501 192.7224 192.0061 191.4478 195.59 185.2107 178.4124 172.3607 196.9711 198.1931 204.3521 199.1094 198.4211 205.8851 199.6668
202.9536 195.7732 201.7003 194.5438 188.5659 172.6197 171.6218 167.5332 161.2919 128.6398 186.0657 193.0278 142.7946 193.0584 168.6185 185.3874 199.1176 169.3915 194.403 188.7034 198.794 176.9333 161.0652 193.0236 197.1294 190.2773 160.7221 190.4772 193.1011 182.0389 171.4697 177.9773 181.2969 178.1937 190.0916 195.7053 186.8372 182.1928 194.3858 195.1763 190.4856 195.7345 198.773 195.5632 192.8753 194.3758 198.7415 201.584 195.4581 196.0067 195.7367 195.204 202.6284 187.9158 190.5376 188.4302 174.3427 192.1149 198.8097 197.5165 199.0194 203.7769 198.7576
192.7416 202.9372 192.2058 183.9056 179.7778 198.1326 183.9973 192.8381 192.3503 180.5072 126.0549 141.3348 191.7901 174.7007 192.9496 176.4864 168.7416 191.4458 196.0152 184.2831 197.9694 173.2682 159.4389 185.0445 192.0988 192.2923 189.2407 164.2694 181.1003 179.7651 172.4319 177.9809 179.2343 176.4436 184.541 199.896 179.4111 197.8912 190.6674 192.3573 193.4267 201.5568 201.9197 200.2774 198.992 198.1029 194.5959 186.0974 184.8826 183.5888 186.369 191.5981 196.1673 192.2204 193.7078 194.7201 193.9902 185.9612 195.3061 193.8252 192.8704 196.0908 199.9094
189.9771 199.3558 197.8211 204.7003 194.3505 185.9542 195.9133 197.7478 199.6431 200.1383 131.8569 136.0756 198.4427 174.8936 199.6272 193.9796 163.8894 185.5559 198.719 181.7742 197.7919 170.4436 157.2317 177.3841 193.0427 199.2777 191.4824 199.3284 167.9272 172.3045 172.5958 177.9033 177.9474 174.6212 180.7923 191.8395 179.0107 193.5315 189.0631 188.8362 188.8455 201.0179 190.1095 200.9288 192.0912 186.6062 191.672 192.6742 200.9823 200.1172 197.8385 194.6511 187.3071 190.5385 196.7012 198.0214 196.4818 186.8674 192.0034 191.8124 192.8846 199.4783 197.4769
199.1201 187.1175 203.3711 193.7199 188.3936 182.6209 176.6984 173.802 175.1082 176.4365 172.3994 121.7388 187.5176 171.6098 193.7092 198.7207 165.0728 179.5473 198.499 193.8991 174.3631 166.0742 154.4879 172.0668 192.51 193.6875 200.3913 202.0955 194.9823 161.5893 171.0056 176.4097 177.0136 196.3432 165.2448 196.7389 177.0894 190.5418 188.7803 188.6446 187.5882 200.2494 193.4061 183.8963 188.6514 183.5986 186.5842 188.361 193.5024 192.4295 191.7141 187.7364 199.5913 195.5762 188.0554 175.195 187.2468 189.0748 189.9356 186.8377 188.2125 192.7842 192.0983
201.9209 198.4857 198.8447 203.7129 196.1407 189.6334 182.4726 191.8623 197.5906 189.9189 185.008 177.7201 120.4051 165.6718 193.6629 201.4308 165.4138 174.9653 190.5386 194.8325 190.6912 170.2414 163.0674 151.5655 187.3797 202.0196 196.725 203.8208 194.1907 159.1497 163.5655 198.7258 176.5014 190.0934 165.8 190.1302 176.88 187.2803 185.9861 186.7084 187.0291 194.9627 200.6692 189.787 176.6427 182.5728 184.2991 198.7765 178.6997 180.2328 197.7438 181.9584 193.8399 193.939 199.8695 191.0459 194.0876 196.2619 183.6409 171.3268 182.7318 186.896 186.7199
194.9577 195.6312 200.0191 201.1922 195.7482 189.6339 183.2288 168.6062 193.8785 170.0304 169.1894 166.3894 162.1235 121.6096 184.3573 166.683 177.1727 188.6685 200.4575 192.869 191.2402 196.1849 173.6588 150.1139 182.9383 192.9962 190.7275 194.7133 199.3143 195.8747 148.5484 188.5233 174.4846 186.7713 166.5056 198.3774 174.5251 184.4195 182.3041 182.3273 183.46 191.8225 202.8252 194.8736 172.0007 180.6935 182.7655 198.982 175.1824 178.3355 177.2833 187.4233 188.1296 193.0856 200.3493 188.323 191.1846 195.1966 197.487 190.4836 165.1142 180.6 197.3542
189.3674 190.0645 191.5588 196.6357 194.2563 189.3027 183.5878 175.7407 160.4668 195.1897 192.9448 185.94 181.0819 174.8379 118.0633 119.5696 170.1017 202.0108 195.0155 189.7433 189.9486 193.9988 200.5344 151.0233 197.3487 198.0135 179.5774 187.4874 191.8996 196.1978 191.2942 142.933 166.4006 162.1834 197.8358 199.1881 193.6782 169.4505 178.9022 177.2765 176.919 184.4459 193.1347 200.3762 168.9967 178.1902 180.5191 192.1368 170.0798 199.1343 172.9019 184.7508 188.0375 199.5682 191.9132 180.4032 199.2542 197.4296 190.7362 197.1004 191.0258 161.2717 188.4675
183.6076 179.4801 198.2077 189.0312 199.3497 193.6952 181.7811 174.0625 167.3373 188.2723 196.3953 168.7643 164.3799 158.3122 151.958 187.8826 120.4142 167.6714 181.9083 201.7614 187.4062 191.0296 193.882 151.1539 190.7357 192.532 200.2657 175.5976 189.6011 190.1493 200.4669 152.5346 195.6207 158.4746 191.621 193.9514 201.2017 166.82 176.8775 169.6874 197.4832 178.2794 184.5841 197.6419 190.1744 162.7473 177.0075 199.3212 169.0373 193.4805 170.5161 185.0087 191.7645 186.7723 197.9609 175.5726 197.9779 195.5433 183.7129 198.7624 198.7296 197.9095 159.2781
198.1198 175.4436 191.419 189.9604 194.8241 192.8464 200.6774 188.219 167.7094 156.8828 158.6083 175.4863 182.3676 189.5508 186.0808 171.0247 167.6767 118.787 123.586 192.0949 184.4896 187.5535 154.3071 200.8278 201.0509 185.5302 195.6519 177.1711 188.415 189.0284 196.3391 157.8709 194.3983 161.5375 199.1091 184.1089 193.2992 199.0379 161.6204 169.8319 179.028 197.4568 195.6841 179.0574 196.1817 159.6113 173.6554 190.7086 166.7211 186.4024 164.8504 187.6337 183.8318 198.6119 173.1016 189.7473 196.6549 196.778 191.5221 178.872 197.5443 189.9014 195.2341
175.3185 186.6902 191.7711 196.7394 188.7942 196.129 189.171 179.8139 181.0815 193.6116 170.1047 175.1814 191.3887 194.1501 183.0213 197.9035 196.0096 171.6427 164.1419 112.003 113.3205 118.9261 149.3036 194.0401 203.5174 182.9731 191.1995 175.4109 183.8636 183.0573 188.8544 156.2495 189.6969 160.9948 195.8348 175.8115 185.2271 190.0303 160.392 167.6089 175.7939 197.9587 193.3213 185.7626 173.0927 194.6798 159.1706 169.464 160.2203 156.0284 194.4875 180.2551 199.2567 171.4303 185.8929 189.6238 198.1576 193.4452 200.706 187.0794 176.8046 190.0678 185.0276
183.9039 187.609 200.0672 188.4793 197.8143 189.9337 197.9449 190.2058 194.4871 177.607 179.7298 191.9428 194.5319 184.8463 193.6474 184.9409 178.6577 196.0282 193.171 142.2045 197.7169 192.2812 122.8081 112.4634 119.3569 120.6473 119.2722 166.3324 175.2219 176.4545 182.5175 152.7714 158.7447 196.6626 188.8265 197.4527 169.2984 197.2243 160.1103 161.7106 190.2997 189.798 195.2624 190.6647 181.7767 172.4545 196.0546 154.354 149.9893 194.7355 194.4939 175.5277 168.6975 173.5617 184.6561 196.2294 192.8678 190.9295 195.4968 201.9701 174.6353 199.5943 188.0728
185.488 202.0245 184.1517 193.3674 200.6873 196.7287 189.6166 193.2322 183.3623 195.6994 189.5019 188.9305 182.6711 196.5339 199.265 199.2357 198.7691 162.3944 151.222 151.5118 196.2456 201.2472 192.1718 188.5279 188.1636 194.8105 184.3621 121.796 116.5271 168.0363 175.5448 140.9171 183.4064 194.8703 184.6149 192.2419 191.7206 171.3424 159.6556 161.0313 186.5161 197.8259 187.6726 198.2391 195.8341 181.9261 170.7928 155.8921 154.2076 198.4122 157.02 160.3545 170.208 183.9691 192.3177 194.2753 192.5294 182.396 190.6674 195.3531 174.9504 200.5101 193.7485
